Function / Call Stack,INST_RETIRED.ANY,CPU_CLK_UNHALTED.THREAD,CPU_CLK_UNHALTED.REF_TSC,DTLB_LOAD_MISSES.MISS_CAUSES_A_WALK,ITLB_MISSES.MISS_CAUSES_A_WALK,MEM_LOAD_RETIRED.L1_HIT_PS,MEM_LOAD_RETIRED.L1_MISS_PS,MEM_LOAD_RETIRED.L2_HIT_PS,MEM_LOAD_RETIRED.L2_MISS_PS,MEM_LOAD_RETIRED.L3_HIT_PS,MEM_LOAD_RETIRED.L3_MISS_PS,time
ijk_ikj_1500_10,27363866666.6667,8705000000.0000,7162200000.0000,16793333.3333,13333.3333,7397300000.0000,51126666.6667,5910000.0000,46658333.3333,45358333.3333,1091666.6667,0.6560
ijk_ikj_1450_10,24716733333.3333,7793066666.6667,6415066666.6667,13486666.6667,20000.0000,6742326666.6667,46846666.6667,5981666.6667,41361666.6667,40351666.6667,925000.0000,0.5899
ijk_ikj_1500_15,23926000000.0000,7478333333.3333,6156333333.3333,8520000.0000,6666.6667,7300746666.6667,26900000.0000,3268333.3333,23896666.6667,22171666.6667,1605000.0000,0.5551
ijk_ikj_1500_12,22698400000.0000,7309400000.0000,6023133333.3333,11880000.0000,6666.6667,6791753333.3333,34100000.0000,2185000.0000,31901666.6667,30563333.3333,1083333.3333,0.5566
ijk_ikj_1400_10,22245533333.3333,7016333333.3333,5771466666.6667,10433333.3333,6666.6667,6077253333.3333,42186666.6667,5786666.6667,36960000.0000,36071666.6667,750000.0000,0.5345
ijk_ikj_1500_25,20095533333.3333,6576600000.0000,5413466666.6667,3633333.3333,0.0000,6788720000.0000,19106666.6667,6833333.3333,10711666.6667,8628333.3333,1916666.6667,0.4875
ijk_ikj_1350_10,19947866666.6667,6270000000.0000,5160666666.6667,8700000.0000,6666.6667,5463473333.3333,37940000.0000,5795000.0000,32285000.0000,31535000.0000,668333.3333,0.4777
ijk_ikj_1500_20,19916933333.3333,6679733333.3333,5501866666.6667,5213333.3333,6666.6667,6736006666.6667,22166666.6667,5738333.3333,15385000.0000,13516666.6667,1745000.0000,0.4969
ijk_ikj_1500_30,19656333333.3333,6439266666.6667,5304600000.0000,2733333.3333,0.0000,6845393333.3333,16940000.0000,8020000.0000,7673333.3333,5675000.0000,1861666.6667,0.4933
ijk_ikj_1400_14,19492400000.0000,6194000000.0000,5099733333.3333,6313333.3333,20000.0000,5866906666.6667,23366666.6667,2271666.6667,20930000.0000,19780000.0000,1031666.6667,0.4494
ijk_ikj_1500_50,18191933333.3333,6156266666.6667,5076000000.0000,1180000.0000,6666.6667,6689246666.6667,21180000.0000,15818333.3333,3606666.6667,2225000.0000,1255000.0000,0.4771
ijk_ikj_1450_25,18149466666.6667,5969933333.3333,4915933333.3333,3346666.6667,13333.3333,6085453333.3333,17593333.3333,6916666.6667,9716666.6667,7998333.3333,1566666.6667,0.4460
ijk_ikj_1300_10,17812400000.0000,5548133333.3333,4558933333.3333,7133333.3333,13333.3333,4876073333.3333,34173333.3333,5715000.0000,28450000.0000,27785000.0000,511666.6667,0.4244
ijk_ikj_1450_29,17635200000.0000,5886333333.3333,4841466666.6667,2746666.6667,0.0000,6091386666.6667,17086666.6667,8498333.3333,7460000.0000,5530000.0000,1770000.0000,0.4385
ijk_ikj_1500_75,17570333333.3333,6194400000.0000,5100800000.0000,593333.3333,6666.6667,6402493333.3333,69580000.0000,62648333.3333,3400000.0000,2275000.0000,961666.6667,0.4618
ijk_ikj_1350_15,17443533333.3333,5345133333.3333,4404266666.6667,4586666.6667,6666.6667,5381100000.0000,20386666.6667,2630000.0000,17431666.6667,16503333.3333,883333.3333,0.4108
ijk_ikj_1500_60,17292000000.0000,6023333333.3333,4962666666.6667,926666.6667,13333.3333,6548700000.0000,30780000.0000,26178333.3333,3125000.0000,1850000.0000,1101666.6667,0.4809
ijk_ikj_1500_125,16833800000.0000,6375400000.0000,5249333333.3333,400000.0000,0.0000,5943580000.0000,118646666.6667,110315000.0000,9363333.3333,8495000.0000,711666.6667,0.4853
ijk_ikj_1500_100,16792400000.0000,6759733333.3333,5566800000.0000,460000.0000,0.0000,5917553333.3333,109700000.0000,107686666.6667,4416666.6667,3590000.0000,758333.3333,0.5395
ijk_ikj_1500_150,16751800000.0000,6342600000.0000,5215000000.0000,340000.0000,6666.6667,5921406666.6667,107786666.6667,96806666.6667,13873333.3333,13258333.3333,636666.6667,0.5508
ijk_ikj_1500_250,16466800000.0000,6240866666.6667,5105800000.0000,206666.6667,6666.6667,5867980000.0000,99293333.3333,75955000.0000,26756666.6667,26310000.0000,426666.6667,0.5988
ijk_ikj_1450_50,16432200000.0000,5602200000.0000,4617066666.6667,1080000.0000,0.0000,6074126666.6667,20340000.0000,15883333.3333,3336666.6667,2090000.0000,1161666.6667,0.4333
ijk_ikj_1500_375,16346333333.3333,6228066666.6667,5121200000.0000,193333.3333,0.0000,6031726666.6667,97653333.3333,78591666.6667,19240000.0000,18845000.0000,408333.3333,0.4786
ijk_ikj_1400_25,16335066666.6667,5285666666.6667,4351600000.0000,2986666.6667,13333.3333,5530826666.6667,15760000.0000,5966666.6667,8645000.0000,7156666.6667,1286666.6667,0.3989
ijk_ikj_1500_300,16287866666.6667,6398133333.3333,5231400000.0000,140000.0000,26666.6667,5900180000.0000,91286666.6667,72265000.0000,22360000.0000,21916666.6667,363333.3333,0.7114
ijk_ikj_1400_20,16190933333.3333,5343000000.0000,4397600000.0000,3573333.3333,0.0000,5393820000.0000,16906666.6667,3970000.0000,12453333.3333,11208333.3333,1141666.6667,0.4094
ijk_ikj_1450_58,16162000000.0000,5468533333.3333,4501266666.6667,886666.6667,6666.6667,5975786666.6667,27366666.6667,22541666.6667,2903333.3333,1771666.6667,968333.3333,0.4308
ijk_ikj_1350_18,16146266666.6667,5026733333.3333,4140800000.0000,3573333.3333,0.0000,5127180000.0000,16786666.6667,3106666.6667,13291666.6667,12245000.0000,960000.0000,0.3931
ijk_ikj_1250_10,15835266666.6667,4972466666.6667,4095466666.6667,4960000.0000,6666.6667,4380266666.6667,30326666.6667,5543333.3333,24466666.6667,23938333.3333,456666.6667,0.3744
ijk_ikj_1400_35,15730133333.3333,5087866666.6667,4189666666.6667,1540000.0000,6666.6667,5650426666.6667,13993333.3333,7961666.6667,5156666.6667,3811666.6667,1220000.0000,0.3945
ijk_ikj_1300_13,15644333333.3333,4921866666.6667,4052333333.3333,4753333.3333,0.0000,4586000000.0000,21593333.3333,1703333.3333,19806666.6667,19013333.3333,741666.6667,0.3849
ijk_ikj_1400_28,15265600000.0000,5090600000.0000,4190066666.6667,2186666.6667,13333.3333,5460873333.3333,14386666.6667,6060000.0000,6896666.6667,5600000.0000,1211666.6667,0.3962
ijk_ikj_1450_145,15110000000.0000,5651200000.0000,4643066666.6667,200000.0000,6666.6667,5347406666.6667,101726666.6667,92681666.6667,10613333.3333,9946666.6667,573333.3333,0.5001
ijk_ikj_1350_27,14833266666.6667,4757466666.6667,3916733333.3333,1946666.6667,6666.6667,5154333333.3333,14000000.0000,6040000.0000,6733333.3333,5568333.3333,1070000.0000,0.3686
ijk_ikj_1450_290,14821866666.6667,5585733333.3333,4558733333.3333,133333.3333,6666.6667,5352133333.3333,89093333.3333,69693333.3333,21876666.6667,21430000.0000,343333.3333,0.6209
ijk_ikj_1400_50,14791400000.0000,4959600000.0000,4079266666.6667,946666.6667,20000.0000,5440473333.3333,16440000.0000,12398333.3333,3028333.3333,1943333.3333,951666.6667,0.3698
ijk_ikj_1350_25,14645866666.6667,4754933333.3333,3911533333.3333,2373333.3333,6666.6667,4980193333.3333,14493333.3333,5631666.6667,7633333.3333,6340000.0000,1130000.0000,0.3630
ijk_ikj_1400_40,14583933333.3333,4940733333.3333,4068600000.0000,1353333.3333,0.0000,5491660000.0000,11140000.0000,6386666.6667,3850000.0000,2671666.6667,1065000.0000,0.3791
ijk_ikj_1350_30,14327866666.6667,4649466666.6667,3822733333.3333,1666666.6667,13333.3333,5004533333.3333,12660000.0000,6258333.3333,5473333.3333,4311666.6667,1013333.3333,0.3576
ijk_ikj_1400_70,14287133333.3333,4899466666.6667,4039466666.6667,620000.0000,0.0000,5329306666.6667,35466666.6667,30241666.6667,2405000.0000,1618333.3333,743333.3333,0.3741
ijk_ikj_1400_56,14135600000.0000,4850733333.3333,3992933333.3333,766666.6667,6666.6667,5341353333.3333,19133333.3333,15203333.3333,2481666.6667,1565000.0000,838333.3333,0.3861
ijk_ikj_1200_10,14008133333.3333,4384866666.6667,3604200000.0000,3626666.6667,0.0000,3827606666.6667,25766666.6667,5245000.0000,20918333.3333,20513333.3333,335000.0000,0.3447
ijk_ikj_1400_100,13649333333.3333,5089866666.6667,4190533333.3333,346666.6667,6666.6667,4824266666.6667,101953333.3333,98858333.3333,3025000.0000,2388333.3333,565000.0000,0.4316
ijk_ikj_1400_175,13573733333.3333,5201866666.6667,4278400000.0000,153333.3333,0.0000,4829906666.6667,86733333.3333,72786666.6667,16178333.3333,15603333.3333,461666.6667,0.3977
ijk_ikj_1400_140,13477800000.0000,5005133333.3333,4110933333.3333,226666.6667,6666.6667,4750026666.6667,90306666.6667,85533333.3333,7573333.3333,6986666.6667,476666.6667,0.4399
ijk_ikj_1400_200,13345133333.3333,5024466666.6667,4122866666.6667,140000.0000,0.0000,4708326666.6667,80946666.6667,66161666.6667,18266666.6667,17840000.0000,403333.3333,0.4337
ijk_ikj_1350_45,13315533333.3333,4536200000.0000,3726066666.6667,953333.3333,13333.3333,4931540000.0000,14466666.6667,10275000.0000,3235000.0000,2125000.0000,995000.0000,0.3518
ijk_ikj_1400_350,13289133333.3333,5175200000.0000,4251266666.6667,93333.3333,13333.3333,4857793333.3333,73453333.3333,59688333.3333,16046666.6667,15741666.6667,278333.3333,0.3907
ijk_ikj_1350_50,13263066666.6667,4434600000.0000,3648866666.6667,793333.3333,13333.3333,4957900000.0000,15066666.6667,12238333.3333,2623333.3333,1733333.3333,781666.6667,0.3402
ijk_ikj_1400_280,13258666666.6667,5036800000.0000,4113733333.3333,120000.0000,6666.6667,4829306666.6667,79006666.6667,60908333.3333,18991666.6667,18630000.0000,318333.3333,0.5631
ijk_ikj_1300_26,13165933333.3333,4224066666.6667,3477733333.3333,1773333.3333,13333.3333,4538053333.3333,11333333.3333,4038333.3333,6145000.0000,5185000.0000,816666.6667,0.3364
ijk_ikj_1350_54,13143533333.3333,4403666666.6667,3624333333.3333,686666.6667,13333.3333,4889740000.0000,18406666.6667,15715000.0000,2443333.3333,1611666.6667,700000.0000,0.3581
ijk_ikj_1300_25,13079866666.6667,4173733333.3333,3435333333.3333,1860000.0000,6666.6667,4376226666.6667,12380000.0000,4603333.3333,6843333.3333,5830000.0000,900000.0000,0.3205
ijk_ikj_1300_20,12963133333.3333,4329400000.0000,3554800000.0000,2520000.0000,13333.3333,4331826666.6667,14233333.3333,3753333.3333,10015000.0000,9096666.6667,826666.6667,0.3412
ijk_ikj_1350_75,12811000000.0000,4479333333.3333,3686733333.3333,446666.6667,6666.6667,4621826666.6667,53500000.0000,49730000.0000,2496666.6667,1785000.0000,581666.6667,0.3741
ijk_ikj_1350_90,12561533333.3333,4607000000.0000,3788000000.0000,366666.6667,6666.6667,4353113333.3333,90593333.3333,89176666.6667,2973333.3333,2323333.3333,523333.3333,0.3768
ijk_ikj_1150_10,12329466666.6667,3880466666.6667,3197066666.6667,3193333.3333,20000.0000,3347766666.6667,23026666.6667,5356666.6667,18268333.3333,17925000.0000,263333.3333,0.2963
ijk_ikj_1350_135,12311533333.3333,4879400000.0000,4009666666.6667,253333.3333,20000.0000,4406426666.6667,76440000.0000,68420000.0000,8496666.6667,7950000.0000,426666.6667,0.4278
ijk_ikj_1200_15,12252600000.0000,3697533333.3333,3042333333.3333,1800000.0000,20000.0000,3767833333.3333,14093333.3333,2105000.0000,11975000.0000,11531666.6667,418333.3333,0.2830
ijk_ikj_1350_150,12211600000.0000,4603000000.0000,3782666666.6667,200000.0000,0.0000,4291533333.3333,78206666.6667,70856666.6667,10413333.3333,9891666.6667,425000.0000,0.4376
ijk_ikj_1350_225,12014733333.3333,4546133333.3333,3723400000.0000,133333.3333,0.0000,4307366666.6667,75480000.0000,56246666.6667,19858333.3333,19478333.3333,315000.0000,0.4483
ijk_ikj_1350_270,11981666666.6667,4694400000.0000,3836666666.6667,93333.3333,6666.6667,4368646666.6667,70540000.0000,53425000.0000,17323333.3333,17005000.0000,263333.3333,0.5189
ijk_1500,11877600000.0000,23410333333.3333,19265666666.6667,957846666.6667,40000.0000,3346206666.6667,3334506666.6667,2669533333.3333,700906666.6667,627171666.6667,43490000.0000,1.7487
ijk_ikj_1300_50,11842000000.0000,3880866666.6667,3194866666.6667,713333.3333,13333.3333,4390980000.0000,13086666.6667,9966666.6667,2391666.6667,1573333.3333,675000.0000,0.3154
ijk_ikj_1250_25,11626266666.6667,3763333333.3333,3097666666.6667,1373333.3333,0.0000,3981046666.6667,12086666.6667,5253333.3333,5896666.6667,5078333.3333,758333.3333,0.2898
ijk_ikj_1200_12,11622200000.0000,3686066666.6667,3033266666.6667,2566666.6667,0.0000,3441673333.3333,17313333.3333,1763333.3333,15811666.6667,15408333.3333,318333.3333,0.2847
ijk_ikj_1300_65,11439400000.0000,3989800000.0000,3282600000.0000,473333.3333,6666.6667,4296026666.6667,26973333.3333,22786666.6667,2165000.0000,1505000.0000,561666.6667,0.3032
ijk_ikj_1300_52,11385133333.3333,3888866666.6667,3198466666.6667,593333.3333,0.0000,4349933333.3333,15053333.3333,11846666.6667,2336666.6667,1521666.6667,673333.3333,0.3042
ijk_ikj_1300_130,10978533333.3333,4091200000.0000,3371266666.6667,200000.0000,13333.3333,3896133333.3333,75053333.3333,68970000.0000,6136666.6667,5650000.0000,395000.0000,0.3681
ijk_ikj_1300_100,10929466666.6667,4142533333.3333,3410266666.6667,233333.3333,0.0000,3819706666.6667,79946666.6667,79108333.3333,2915000.0000,2370000.0000,470000.0000,0.3540
ijk_ikj_1100_10,10790733333.3333,3377266666.6667,2777666666.6667,2646666.6667,0.0000,2944233333.3333,20373333.3333,5140000.0000,15585000.0000,15336666.6667,190000.0000,0.2635
ijk_1450,10725933333.3333,21330800000.0000,17542400000.0000,757980000.0000,20000.0000,3044706666.6667,3017013333.3333,2432061666.6667,592316666.6667,533925000.0000,31006666.6667,1.6316
ijk_ikj_1200_16,10721200000.0000,3332200000.0000,2741600000.0000,1660000.0000,13333.3333,3418673333.3333,14313333.3333,2213333.3333,11905000.0000,11403333.3333,453333.3333,0.2671
ijk_ikj_1300_325,10640733333.3333,4189000000.0000,3442000000.0000,40000.0000,0.0000,3893333333.3333,59606666.6667,47141666.6667,13643333.3333,13420000.0000,235000.0000,0.3239
ijk_ikj_1100_11,10631866666.6667,3472666666.6667,2858600000.0000,2193333.3333,6666.6667,3006053333.3333,16700000.0000,1481666.6667,15620000.0000,15363333.3333,210000.0000,0.2688
ijk_ikj_1300_260,10628466666.6667,4047866666.6667,3313000000.0000,66666.6667,0.0000,3845713333.3333,62786666.6667,47461666.6667,16953333.3333,16638333.3333,258333.3333,0.4548
ijk_ikj_1250_50,10527133333.3333,3551000000.0000,2921400000.0000,606666.6667,0.0000,3921180000.0000,12206666.6667,10018333.3333,2136666.6667,1496666.6667,553333.3333,0.2793
ijk_ikj_1200_25,10287133333.3333,3312800000.0000,2723066666.6667,1046666.6667,6666.6667,3471566666.6667,10193333.3333,4273333.3333,5311666.6667,4613333.3333,645000.0000,0.2494
ijk_ikj_1200_20,10196866666.6667,3379800000.0000,2780933333.3333,1340000.0000,0.0000,3380506666.6667,10586666.6667,2821666.6667,7473333.3333,6920000.0000,518333.3333,0.2578
ijk_ikj_1200_30,10062933333.3333,3240200000.0000,2664266666.6667,886666.6667,6666.6667,3558466666.6667,8693333.3333,4083333.3333,3711666.6667,3053333.3333,575000.0000,0.2430
ijk_ikj_1200_24,9854466666.6667,3229200000.0000,2652600000.0000,1220000.0000,6666.6667,3420253333.3333,8420000.0000,2858333.3333,5058333.3333,4495000.0000,535000.0000,0.2501
ijk_ikj_1250_125,9740066666.6667,3665266666.6667,3014666666.6667,186666.6667,6666.6667,3432813333.3333,68726666.6667,64485000.0000,5333333.3333,4945000.0000,343333.3333,0.3187
ijk_1400,9651933333.3333,17059466666.6667,14036400000.0000,484746666.6667,0.0000,2725453333.3333,2731626666.6667,2305966666.6667,422130000.0000,360768333.3333,31605000.0000,1.2916
ijk_ikj_1250_250,9530333333.3333,3650133333.3333,2989466666.6667,120000.0000,6666.6667,3443260000.0000,57860000.0000,43391666.6667,15356666.6667,15160000.0000,228333.3333,0.4055
ijk_ikj_1150_23,9513533333.3333,3052733333.3333,2511066666.6667,880000.0000,0.0000,3203746666.6667,9260000.0000,3435000.0000,5316666.6667,4805000.0000,436666.6667,0.2362
ijk_ikj_1050_10,9384266666.6667,2964400000.0000,2437133333.3333,2346666.6667,0.0000,2553540000.0000,18413333.3333,6203333.3333,12536666.6667,12318333.3333,180000.0000,0.2276
ijk_ikj_1200_50,9312733333.3333,3117666666.6667,2562400000.0000,460000.0000,0.0000,3439760000.0000,10846666.6667,8648333.3333,1871666.6667,1335000.0000,471666.6667,0.2396
ijk_ikj_1200_40,9182600000.0000,3064733333.3333,2520133333.3333,613333.3333,0.0000,3360160000.0000,6713333.3333,4213333.3333,2365000.0000,1801666.6667,470000.0000,0.2389
ijk_ikj_1150_25,9053866666.6667,2923600000.0000,2405133333.3333,786666.6667,6666.6667,3109693333.3333,9533333.3333,4248333.3333,4561666.6667,4038333.3333,420000.0000,0.2265
ijk_ikj_1200_48,9019466666.6667,3034333333.3333,2497733333.3333,493333.3333,6666.6667,3428146666.6667,11000000.0000,8206666.6667,2186666.6667,1576666.6667,530000.0000,0.2505
ijk_ikj_1200_75,8996266666.6667,3136533333.3333,2583333333.3333,226666.6667,6666.6667,3253193333.3333,35973333.3333,32976666.6667,1643333.3333,1210000.0000,356666.6667,0.2474
ijk_ikj_1200_60,8855133333.3333,3029600000.0000,2496600000.0000,306666.6667,0.0000,3361493333.3333,14806666.6667,13456666.6667,1580000.0000,1100000.0000,363333.3333,0.2481
ijk_ikj_1200_80,8694866666.6667,3190266666.6667,2627333333.3333,233333.3333,0.0000,3094546666.6667,51053333.3333,49418333.3333,1681666.6667,1225000.0000,403333.3333,0.2571
ijk_1350,8657133333.3333,16274600000.0000,13370333333.3333,379013333.3333,26666.6667,2461493333.3333,2435726666.6667,2114368333.3333,320820000.0000,280325000.0000,19740000.0000,1.2595
ijk_ikj_1200_100,8596200000.0000,3233266666.6667,2658400000.0000,140000.0000,0.0000,3012066666.6667,62666666.6667,62403333.3333,2003333.3333,1610000.0000,313333.3333,0.2558
ijk_ikj_1200_150,8576066666.6667,3213133333.3333,2647600000.0000,126666.6667,0.0000,3049726666.6667,56980000.0000,51260000.0000,6440000.0000,6085000.0000,288333.3333,0.2462
ijk_ikj_1200_120,8532333333.3333,3293666666.6667,2707600000.0000,166666.6667,0.0000,3042986666.6667,57233333.3333,53941666.6667,3316666.6667,2995000.0000,311666.6667,0.2899
ijk_ikj_1200_200,8403933333.3333,3264666666.6667,2681200000.0000,53333.3333,0.0000,2980066666.6667,49860000.0000,40461666.6667,12016666.6667,11725000.0000,238333.3333,0.3159
ijk_ikj_1200_240,8372400000.0000,3223400000.0000,2641933333.3333,113333.3333,0.0000,3015120000.0000,53960000.0000,40218333.3333,14896666.6667,14678333.3333,233333.3333,0.3583
ijk_ikj_1200_300,8339066666.6667,3353600000.0000,2754866666.6667,60000.0000,6666.6667,3040773333.3333,47486666.6667,37608333.3333,10995000.0000,10825000.0000,136666.6667,0.2532
ijk_ikj_1100_22,8284066666.6667,2669133333.3333,2197133333.3333,760000.0000,13333.3333,2777380000.0000,7233333.3333,2070000.0000,4728333.3333,4348333.3333,346666.6667,0.2141
ijk_ikj_1150_46,8284000000.0000,2709066666.6667,2230866666.6667,333333.3333,13333.3333,3055326666.6667,7840000.0000,5425000.0000,1778333.3333,1361666.6667,395000.0000,0.2262
ijk_ikj_1050_14,8223533333.3333,2519733333.3333,2073666666.6667,1053333.3333,0.0000,2529680000.0000,10700000.0000,2380000.0000,7905000.0000,7671666.6667,173333.3333,0.1969
ijk_ikj_1050_15,8207933333.3333,2529200000.0000,2078000000.0000,940000.0000,0.0000,2518253333.3333,10580000.0000,2880000.0000,7585000.0000,7343333.3333,203333.3333,0.2033
ijk_ikj_1150_50,8198333333.3333,2755066666.6667,2262666666.6667,300000.0000,0.0000,3009713333.3333,9293333.3333,7431666.6667,1611666.6667,1196666.6667,350000.0000,0.2122
ijk_ikj_1000_10,8106333333.3333,2532466666.6667,2084333333.3333,1713333.3333,0.0000,2212806666.6667,15646666.6667,5168333.3333,10701666.6667,10521666.6667,141666.6667,0.2015
ijk_ikj_1100_25,7922866666.6667,2602800000.0000,2144733333.3333,646666.6667,6666.6667,2703920000.0000,7893333.3333,3080000.0000,4013333.3333,3568333.3333,368333.3333,0.2040
ijk_ikj_1100_20,7853866666.6667,2545133333.3333,2095800000.0000,666666.6667,6666.6667,2588293333.3333,7753333.3333,1958333.3333,5770000.0000,5436666.6667,298333.3333,0.2056
ijk_1300,7729666666.6667,14011066666.6667,11527466666.6667,407820000.0000,6666.6667,2193146666.6667,2182453333.3333,1886645000.0000,292300000.0000,257728333.3333,17640000.0000,1.0494
ijk_ikj_1150_115,7677933333.3333,2858200000.0000,2356200000.0000,106666.6667,13333.3333,2663746666.6667,54486666.6667,52590000.0000,3811666.6667,3480000.0000,270000.0000,0.2538
ijk_ikj_1150_230,7436800000.0000,2831933333.3333,2326000000.0000,80000.0000,6666.6667,2681813333.3333,45286666.6667,33815000.0000,11881666.6667,11678333.3333,193333.3333,0.3268
ijk_ikj_1100_50,7173733333.3333,2362400000.0000,1941200000.0000,293333.3333,0.0000,2635366666.6667,8260000.0000,6333333.3333,1411666.6667,1035000.0000,300000.0000,0.2002
ijk_ikj_1050_21,7165266666.6667,2316000000.0000,1906200000.0000,506666.6667,0.0000,2326840000.0000,8326666.6667,3280000.0000,4810000.0000,4483333.3333,300000.0000,0.1832
ijk_ikj_1100_55,7149866666.6667,2445133333.3333,2010133333.3333,266666.6667,0.0000,2691300000.0000,12160000.0000,10353333.3333,1398333.3333,1030000.0000,330000.0000,0.1900
ijk_ikj_1100_44,7003600000.0000,2374066666.6667,1949866666.6667,320000.0000,6666.6667,2649106666.6667,6473333.3333,4233333.3333,1728333.3333,1321666.6667,366666.6667,0.1894
ijk_ikj_950_10,6951666666.6667,2187266666.6667,1797666666.6667,1366666.6667,0.0000,1911940000.0000,13280000.0000,4353333.3333,8991666.6667,8838333.3333,96666.6667,0.1714
ijk_ikj_1050_25,6892466666.6667,2241200000.0000,1841800000.0000,513333.3333,0.0000,2378806666.6667,7540000.0000,3398333.3333,3411666.6667,3030000.0000,295000.0000,0.1738
ijk_1250,6869733333.3333,13006466666.6667,10688200000.0000,153273333.3333,6666.6667,1955320000.0000,1932233333.3333,1725835000.0000,208040000.0000,179403333.3333,14038333.3333,0.9862
ijk_ikj_1050_30,6743666666.6667,2190266666.6667,1797266666.6667,366666.6667,0.0000,2377833333.3333,6166666.6667,3150000.0000,2403333.3333,2120000.0000,276666.6667,0.1717
ijk_ikj_1100_110,6711066666.6667,2534800000.0000,2082266666.6667,146666.6667,0.0000,2313353333.3333,46106666.6667,47590000.0000,1781666.6667,1515000.0000,221666.6667,0.2259
ijk_ikj_1050_35,6635000000.0000,2166733333.3333,1781933333.3333,326666.6667,0.0000,2350460000.0000,5860000.0000,3431666.6667,2115000.0000,1756666.6667,305000.0000,0.1682
ijk_ikj_1100_100,6620533333.3333,2533866666.6667,2083666666.6667,120000.0000,6666.6667,2307913333.3333,48433333.3333,47928333.3333,1590000.0000,1296666.6667,236666.6667,0.2099
ijk_ikj_1100_275,6490733333.3333,2503933333.3333,2054000000.0000,26666.6667,6666.6667,2399366666.6667,39326666.6667,29095000.0000,10200000.0000,10015000.0000,125000.0000,0.1965
ijk_ikj_1100_220,6457000000.0000,2511933333.3333,2065466666.6667,33333.3333,0.0000,2287273333.3333,38080000.0000,29965000.0000,10610000.0000,10435000.0000,180000.0000,0.2813
ijk_ikj_1050_42,6381800000.0000,2156533333.3333,1774333333.3333,266666.6667,0.0000,2362473333.3333,5506666.6667,3626666.6667,1536666.6667,1198333.3333,308333.3333,0.1705
ijk_ikj_1050_50,6241266666.6667,2092000000.0000,1720666666.6667,180000.0000,0.0000,2313826666.6667,8100000.0000,6553333.3333,1255000.0000,978333.3333,213333.3333,0.1733
ijk_1200,6081400000.0000,10144066666.6667,8333066666.6667,100260000.0000,33333.3333,1705866666.6667,1721653333.3333,1531478333.3333,190983333.3333,161038333.3333,14161666.6667,0.7769
ijk_ikj_1050_70,6028133333.3333,2146400000.0000,1766266666.6667,193333.3333,0.0000,2247553333.3333,18873333.3333,16486666.6667,1046666.6667,801666.6667,225000.0000,0.1759
ijk_ikj_1050_75,6025466666.6667,2183600000.0000,1797333333.3333,166666.6667,0.0000,2206666666.6667,24460000.0000,22461666.6667,1116666.6667,818333.3333,215000.0000,0.1847
ijk_ikj_1000_25,5952666666.6667,1963133333.3333,1613733333.3333,313333.3333,0.0000,1972160000.0000,5893333.3333,2760000.0000,3013333.3333,2733333.3333,286666.6667,0.1478
ijk_ikj_900_10,5911266666.6667,1824000000.0000,1501333333.3333,606666.6667,0.0000,1650260000.0000,11386666.6667,4296666.6667,6916666.6667,6815000.0000,66666.6667,0.1432
ijk_ikj_1000_20,5901600000.0000,1969066666.6667,1619333333.3333,546666.6667,0.0000,1989806666.6667,6786666.6667,2155000.0000,4206666.6667,3975000.0000,193333.3333,0.1524
ijk_ikj_1050_105,5826733333.3333,2170866666.6667,1787933333.3333,100000.0000,13333.3333,2097486666.6667,43220000.0000,39703333.3333,1725000.0000,1536666.6667,196666.6667,0.2012
ijk_ikj_1050_150,5746733333.3333,2237933333.3333,1839866666.6667,53333.3333,0.0000,2031933333.3333,35653333.3333,33101666.6667,4176666.6667,3911666.6667,171666.6667,0.1864
ijk_ikj_1050_175,5726400000.0000,2176733333.3333,1789066666.6667,33333.3333,0.0000,2063953333.3333,34793333.3333,29093333.3333,6283333.3333,6050000.0000,165000.0000,0.2186
ijk_ikj_1050_210,5676733333.3333,2219600000.0000,1824533333.3333,33333.3333,0.0000,2037466666.6667,34326666.6667,26136666.6667,8770000.0000,8630000.0000,150000.0000,0.2445
ijk_ikj_950_19,5645466666.6667,1805866666.6667,1487666666.6667,333333.3333,0.0000,1889813333.3333,5966666.6667,1368333.3333,3996666.6667,3811666.6667,153333.3333,0.1405
ijk_ikj_1000_50,5390733333.3333,1835666666.6667,1507733333.3333,120000.0000,0.0000,1932900000.0000,7073333.3333,5811666.6667,1110000.0000,836666.6667,211666.6667,0.1384
ijk_1150,5349200000.0000,9630800000.0000,7915733333.3333,95866666.6667,0.0000,1514506666.6667,1502513333.3333,1381768333.3333,129863333.3333,113561666.6667,7951666.6667,0.7480
ijk_ikj_1000_40,5315533333.3333,1821266666.6667,1495933333.3333,226666.6667,6666.6667,1976666666.6667,3866666.6667,2236666.6667,1298333.3333,1085000.0000,223333.3333,0.1462
ijk_ikj_900_15,5170866666.6667,1608466666.6667,1325200000.0000,346666.6667,0.0000,1607580000.0000,5980000.0000,1183333.3333,4635000.0000,4513333.3333,101666.6667,0.1247
ijk_ikj_950_25,5104333333.3333,1685733333.3333,1384400000.0000,266666.6667,0.0000,1766653333.3333,5033333.3333,2023333.3333,2488333.3333,2303333.3333,161666.6667,0.1333
ijk_ikj_1000_125,4988400000.0000,1878133333.3333,1546733333.3333,46666.6667,13333.3333,1731553333.3333,33953333.3333,33100000.0000,2520000.0000,2325000.0000,153333.3333,0.1574
ijk_ikj_850_10,4979800000.0000,1562600000.0000,1283066666.6667,193333.3333,6666.6667,1378780000.0000,9460000.0000,3720000.0000,5651666.6667,5618333.3333,55000.0000,0.1238
ikj_1500,4977000000.0000,3054600000.0000,2401400000.0000,1500000.0000,0.0000,992633333.3333,120946666.6667,91211666.6667,30110000.0000,9451666.6667,20668333.3333,0.8607
ijk_ikj_1000_100,4975333333.3333,2041866666.6667,1680000000.0000,73333.3333,6666.6667,1754800000.0000,31673333.3333,31358333.3333,1110000.0000,916666.6667,155000.0000,0.1841
ijk_ikj_900_12,4902200000.0000,1538733333.3333,1267066666.6667,400000.0000,0.0000,1476273333.3333,7326666.6667,1425000.0000,5793333.3333,5726666.6667,65000.0000,0.1247
ijk_ikj_1000_250,4880266666.6667,1894333333.3333,1555800000.0000,26666.6667,0.0000,1764220000.0000,28673333.3333,21841666.6667,7733333.3333,7628333.3333,96666.6667,0.1515
ijk_ikj_1000_200,4863933333.3333,1935266666.6667,1593466666.6667,46666.6667,0.0000,1768120000.0000,28526666.6667,22363333.3333,6430000.0000,6296666.6667,123333.3333,0.2162
ijk_ikj_950_38,4795866666.6667,1563466666.6667,1283933333.3333,106666.6667,0.0000,1765320000.0000,3693333.3333,2138333.3333,1235000.0000,1013333.3333,160000.0000,0.1239
ijk_ikj_900_18,4783600000.0000,1492666666.6667,1228933333.3333,226666.6667,0.0000,1536573333.3333,4846666.6667,1181666.6667,3501666.6667,3400000.0000,103333.3333,0.1218
ijk_1100,4682933333.3333,7925133333.3333,6518666666.6667,78433333.3333,0.0000,1331946666.6667,1324333333.3333,1210248333.3333,106871666.6667,95500000.0000,5540000.0000,0.6210
ijk_ikj_950_50,4621066666.6667,1579866666.6667,1298466666.6667,140000.0000,0.0000,1724393333.3333,5953333.3333,4415000.0000,923333.3333,753333.3333,150000.0000,0.1248
ikj_1450,4499800000.0000,2902000000.0000,2273266666.6667,2000000.0000,0.0000,918200000.0000,83606666.6667,65946666.6667,18576666.6667,6511666.6667,12100000.0000,0.8331
ijk_ikj_950_95,4381600000.0000,1646400000.0000,1354666666.6667,60000.0000,0.0000,1516006666.6667,30673333.3333,31298333.3333,966666.6667,813333.3333,133333.3333,0.1469
ijk_ikj_900_25,4339266666.6667,1393533333.3333,1145133333.3333,206666.6667,0.0000,1518320000.0000,4346666.6667,1600000.0000,2090000.0000,1966666.6667,126666.6667,0.1092
ijk_ikj_900_20,4301733333.3333,1425666666.6667,1172666666.6667,213333.3333,6666.6667,1430386666.6667,4266666.6667,1226666.6667,2945000.0000,2826666.6667,111666.6667,0.1112
ijk_ikj_900_30,4247333333.3333,1367533333.3333,1124533333.3333,100000.0000,0.0000,1513733333.3333,3606666.6667,1683333.3333,1466666.6667,1333333.3333,98333.3333,0.1118
ijk_ikj_950_190,4218333333.3333,1640000000.0000,1349666666.6667,60000.0000,0.0000,1505900000.0000,25546666.6667,20063333.3333,5541666.6667,5383333.3333,105000.0000,0.1856
ijk_ikj_800_10,4151066666.6667,1278933333.3333,1051133333.3333,86666.6667,0.0000,1130200000.0000,7393333.3333,3476666.6667,4101666.6667,4065000.0000,45000.0000,0.1049
ijk_1050,4075200000.0000,6783266666.6667,5569133333.3333,60620000.0000,13333.3333,1158246666.6667,1156560000.0000,1049126666.6667,95983333.3333,88050000.0000,3780000.0000,0.5448
ikj_1400,4027200000.0000,2426733333.3333,1909466666.6667,1440000.0000,0.0000,801866666.6667,97146666.6667,76746666.6667,21576666.6667,7963333.3333,13588333.3333,0.6877
ijk_ikj_850_17,4016333333.3333,1251666666.6667,1028933333.3333,66666.6667,6666.6667,1280153333.3333,5006666.6667,1260000.0000,3308333.3333,3235000.0000,45000.0000,0.1065
ijk_ikj_900_45,3946800000.0000,1357800000.0000,1113200000.0000,86666.6667,6666.6667,1465126666.6667,4780000.0000,3566666.6667,943333.3333,810000.0000,123333.3333,0.1064
ijk_ikj_900_50,3929400000.0000,1310000000.0000,1078133333.3333,86666.6667,0.0000,1503086666.6667,4580000.0000,3448333.3333,765000.0000,640000.0000,118333.3333,0.1096
ijk_ikj_900_36,3921800000.0000,1318666666.6667,1085066666.6667,113333.3333,6666.6667,1522593333.3333,3566666.6667,1863333.3333,1145000.0000,975000.0000,120000.0000,0.1084
ijk_ikj_900_75,3795400000.0000,1349466666.6667,1108266666.6667,66666.6667,0.0000,1384520000.0000,14253333.3333,12715000.0000,696666.6667,591666.6667,103333.3333,0.1063
ijk_ikj_900_60,3736400000.0000,1292466666.6667,1062266666.6667,33333.3333,0.0000,1420920000.0000,6840000.0000,5183333.3333,661666.6667,510000.0000,93333.3333,0.1085
ijk_ikj_900_90,3722533333.3333,1379600000.0000,1133200000.0000,40000.0000,0.0000,1351820000.0000,26100000.0000,23750000.0000,805000.0000,678333.3333,103333.3333,0.1245
ijk_ikj_850_25,3656533333.3333,1170866666.6667,966266666.6667,60000.0000,0.0000,1262953333.3333,3853333.3333,1621666.6667,1798333.3333,1678333.3333,70000.0000,0.0965
ijk_ikj_900_100,3625333333.3333,1404266666.6667,1152666666.6667,33333.3333,0.0000,1229973333.3333,24960000.0000,26253333.3333,1110000.0000,983333.3333,131666.6667,0.1261
ijk_ikj_900_150,3619466666.6667,1402600000.0000,1152000000.0000,26666.6667,0.0000,1321893333.3333,23246666.6667,19190000.0000,3215000.0000,3113333.3333,95000.0000,0.1373
ikj_1350,3614400000.0000,2306533333.3333,1809533333.3333,1700000.0000,6666.6667,741866666.6667,67600000.0000,52855000.0000,14465000.0000,6206666.6667,8251666.6667,0.6533
ijk_ikj_900_225,3559800000.0000,1404066666.6667,1155333333.3333,20000.0000,0.0000,1305700000.0000,21306666.6667,15906666.6667,5505000.0000,5406666.6667,56666.6667,0.1111
ijk_ikj_900_180,3555200000.0000,1419266666.6667,1166866666.6667,26666.6667,0.0000,1305573333.3333,21353333.3333,16836666.6667,4700000.0000,4590000.0000,96666.6667,0.1574
ijk_1000,3519400000.0000,5351333333.3333,4399200000.0000,50033333.3333,13333.3333,998273333.3333,1000706666.6667,916985000.0000,75473333.3333,68926666.6667,3295000.0000,0.4630
ijk_ikj_850_34,3498000000.0000,1173133333.3333,961866666.6667,66666.6667,0.0000,1238140000.0000,2840000.0000,1606666.6667,1020000.0000,920000.0000,96666.6667,0.0954
ijk_ikj_750_10,3421133333.3333,1037333333.3333,852466666.6667,20000.0000,0.0000,938560000.0000,6293333.3333,3358333.3333,3018333.3333,2995000.0000,30000.0000,0.0865
ijk_ikj_850_50,3310133333.3333,1085666666.6667,890933333.3333,20000.0000,6666.6667,1222813333.3333,3426666.6667,2515000.0000,663333.3333,538333.3333,88333.3333,0.0930
ikj_1300,3206000000.0000,1850200000.0000,1455133333.3333,826666.6667,0.0000,630686666.6667,76746666.6667,60905000.0000,17258333.3333,8201666.6667,9068333.3333,0.5179
ijk_ikj_800_16,3176733333.3333,1011933333.3333,831866666.6667,33333.3333,0.0000,995806666.6667,3940000.0000,1053333.3333,2980000.0000,2881666.6667,51666.6667,0.0821
ijk_ikj_850_85,3131533333.3333,1156666666.6667,951066666.6667,13333.3333,0.0000,1104086666.6667,20960000.0000,20290000.0000,661666.6667,531666.6667,91666.6667,0.1024
ijk_ikj_800_25,3048066666.6667,992733333.3333,817066666.6667,40000.0000,0.0000,1018686666.6667,2833333.3333,1266666.6667,1506666.6667,1420000.0000,76666.6667,0.0791
ijk_ikj_850_170,3032933333.3333,1191733333.3333,977800000.0000,26666.6667,6666.6667,1100560000.0000,18466666.6667,15453333.3333,3008333.3333,2911666.6667,90000.0000,0.1295
ijk_ikj_800_20,3021200000.0000,1008000000.0000,826933333.3333,33333.3333,0.0000,993146666.6667,2953333.3333,973333.3333,1965000.0000,1881666.6667,61666.6667,0.0805
ijk_950,3017333333.3333,4434800000.0000,3644266666.6667,35113333.3333,6666.6667,851066666.6667,851520000.0000,777550000.0000,77676666.6667,74135000.0000,1735000.0000,0.3511
ijk_ikj_750_15,2991733333.3333,911400000.0000,749666666.6667,20000.0000,0.0000,905333333.3333,3133333.3333,893333.3333,2321666.6667,2285000.0000,21666.6667,0.0743
ikj_1250,2847600000.0000,1740933333.3333,1368733333.3333,360000.0000,6666.6667,586193333.3333,54233333.3333,42638333.3333,10326666.6667,5306666.6667,5026666.6667,0.4965
ijk_ikj_800_32,2794400000.0000,959466666.6667,790400000.0000,20000.0000,0.0000,1021300000.0000,2786666.6667,1536666.6667,1101666.6667,986666.6667,78333.3333,0.0804
ijk_ikj_700_10,2780933333.3333,863200000.0000,710666666.6667,20000.0000,0.0000,795586666.6667,5440000.0000,2873333.3333,2133333.3333,2120000.0000,33333.3333,0.0697
ijk_ikj_800_50,2759866666.6667,926866666.6667,761933333.3333,20000.0000,6666.6667,1012773333.3333,3333333.3333,2435000.0000,565000.0000,476666.6667,68333.3333,0.0738
ijk_ikj_800_40,2721400000.0000,884533333.3333,727933333.3333,6666.6667,0.0000,975320000.0000,2000000.0000,1203333.3333,661666.6667,615000.0000,53333.3333,0.0762
ijk_ikj_800_80,2575600000.0000,940666666.6667,773400000.0000,20000.0000,0.0000,902673333.3333,14360000.0000,14275000.0000,536666.6667,421666.6667,68333.3333,0.0864
ijk_900,2567066666.6667,3502666666.6667,2873933333.3333,24586666.6667,0.0000,758640000.0000,686433333.3333,657726666.6667,36441666.6667,34141666.6667,1070000.0000,0.2904
ijk_ikj_800_100,2546533333.3333,984800000.0000,809400000.0000,6666.6667,0.0000,894100000.0000,17686666.6667,17518333.3333,780000.0000,668333.3333,71666.6667,0.0767
ijk_ikj_750_25,2511066666.6667,822000000.0000,676800000.0000,46666.6667,0.0000,874593333.3333,2360000.0000,871666.6667,1151666.6667,1095000.0000,38333.3333,0.0679
ijk_ikj_800_160,2503933333.3333,992533333.3333,814200000.0000,6666.6667,0.0000,961593333.3333,17813333.3333,13056666.6667,2363333.3333,2301666.6667,63333.3333,0.1110
ikj_1200,2499866666.6667,1400066666.6667,1105466666.6667,86666.6667,0.0000,493073333.3333,60053333.3333,48613333.3333,11860000.0000,6300000.0000,5575000.0000,0.3843
ijk_ikj_800_200,2490133333.3333,1014400000.0000,831933333.3333,0.0000,0.0000,914973333.3333,14940000.0000,11481666.6667,3218333.3333,3191666.6667,56666.6667,0.0781
ijk_ikj_750_30,2457333333.3333,785866666.6667,648666666.6667,26666.6667,0.0000,833026666.6667,1813333.3333,923333.3333,866666.6667,820000.0000,38333.3333,0.0654
ijk_ikj_700_14,2436733333.3333,769733333.3333,630400000.0000,13333.3333,0.0000,774080000.0000,2960000.0000,966666.6667,1666666.6667,1641666.6667,28333.3333,0.0649
ikj_1150,2277333333.3333,1282800000.0000,1012800000.0000,33333.3333,0.0000,485813333.3333,42740000.0000,33710000.0000,7550000.0000,4648333.3333,2905000.0000,0.3612
ijk_ikj_750_50,2273266666.6667,760800000.0000,625400000.0000,20000.0000,0.0000,858553333.3333,2600000.0000,1763333.3333,416666.6667,371666.6667,48333.3333,0.0645
ijk_ikj_650_10,2226400000.0000,706933333.3333,581200000.0000,0.0000,0.0000,676333333.3333,4660000.0000,2181666.6667,1518333.3333,1486666.6667,18333.3333,0.0597
ijk_ikj_750_75,2196733333.3333,795666666.6667,652933333.3333,13333.3333,0.0000,767960000.0000,7820000.0000,7681666.6667,391666.6667,328333.3333,51666.6667,0.0716
ijk_850,2161600000.0000,2732733333.3333,2246133333.3333,500000.0000,13333.3333,645160000.0000,596866666.6667,538390000.0000,40885000.0000,39831666.6667,518333.3333,0.2067
ijk_ikj_750_125,2104800000.0000,836266666.6667,687866666.6667,26666.6667,0.0000,752120000.0000,13846666.6667,12910000.0000,1106666.6667,1036666.6667,50000.0000,0.0815
ijk_ikj_750_150,2092400000.0000,832066666.6667,682866666.6667,20000.0000,0.0000,703080000.0000,11626666.6667,11940000.0000,1615000.0000,1581666.6667,60000.0000,0.0917
ijk_ikj_700_25,2042066666.6667,670533333.3333,550133333.3333,20000.0000,0.0000,687926666.6667,1893333.3333,856666.6667,921666.6667,900000.0000,30000.0000,0.0512
ijk_ikj_700_20,2024466666.6667,665933333.3333,547733333.3333,6666.6667,0.0000,702700000.0000,1993333.3333,655000.0000,1153333.3333,1113333.3333,26666.6667,0.0566
ikj_1100,1979400000.0000,992933333.3333,787400000.0000,6666.6667,0.0000,410260000.0000,48466666.6667,38025000.0000,8200000.0000,5366666.6667,2821666.6667,0.2781
ijk_ikj_700_35,1966600000.0000,659933333.3333,541533333.3333,20000.0000,0.0000,740460000.0000,1733333.3333,908333.3333,553333.3333,505000.0000,45000.0000,0.0537
ijk_ikj_650_13,1956066666.6667,622666666.6667,511800000.0000,6666.6667,0.0000,591020000.0000,2673333.3333,878333.3333,1635000.0000,1616666.6667,11666.6667,0.0558
ijk_ikj_700_28,1908066666.6667,636800000.0000,523333333.3333,13333.3333,6666.6667,691793333.3333,1673333.3333,760000.0000,751666.6667,705000.0000,21666.6667,0.0536
ijk_ikj_700_50,1848866666.6667,625066666.6667,512466666.6667,13333.3333,0.0000,646460000.0000,1753333.3333,1690000.0000,361666.6667,340000.0000,50000.0000,0.0533
ijk_800,1802800000.0000,2305066666.6667,1891133333.3333,80000.0000,6666.6667,514693333.3333,492433333.3333,438373333.3333,59310000.0000,58085000.0000,636666.6667,0.1784
ijk_ikj_700_70,1785800000.0000,613266666.6667,505133333.3333,6666.6667,0.0000,699246666.6667,4553333.3333,3730000.0000,268333.3333,225000.0000,20000.0000,0.0564
ijk_ikj_600_10,1751466666.6667,549600000.0000,452800000.0000,13333.3333,0.0000,477333333.3333,3233333.3333,2286666.6667,1045000.0000,1036666.6667,15000.0000,0.0483
ikj_1050,1724933333.3333,926333333.3333,737066666.6667,13333.3333,0.0000,358120000.0000,32666666.6667,26955000.0000,5503333.3333,3936666.6667,1556666.6667,0.2702
ijk_ikj_700_100,1706933333.3333,654000000.0000,536200000.0000,13333.3333,6666.6667,618013333.3333,11780000.0000,10893333.3333,453333.3333,413333.3333,55000.0000,0.0597
ijk_ikj_700_175,1697000000.0000,678200000.0000,556866666.6667,6666.6667,6666.6667,603586666.6667,10106666.6667,8553333.3333,2066666.6667,2016666.6667,35000.0000,0.0548
ijk_ikj_700_140,1684133333.3333,646600000.0000,529933333.3333,6666.6667,0.0000,560606666.6667,9726666.6667,10536666.6667,1161666.6667,1141666.6667,40000.0000,0.0783
ijk_ikj_650_26,1646266666.6667,555866666.6667,456866666.6667,13333.3333,0.0000,595273333.3333,1440000.0000,563333.3333,601666.6667,555000.0000,30000.0000,0.0454
ijk_ikj_650_25,1634666666.6667,552200000.0000,454000000.0000,13333.3333,0.0000,575926666.6667,1533333.3333,630000.0000,708333.3333,685000.0000,21666.6667,0.0457
ijk_ikj_600_15,1531733333.3333,499933333.3333,409133333.3333,33333.3333,0.0000,486886666.6667,1726666.6667,713333.3333,885000.0000,868333.3333,8333.3333,0.0416
ijk_750,1486000000.0000,1837000000.0000,1508733333.3333,100000.0000,0.0000,431226666.6667,412933333.3333,386040000.0000,22375000.0000,21951666.6667,213333.3333,0.1406
ijk_ikj_650_50,1480066666.6667,512600000.0000,420400000.0000,0.0000,0.0000,558153333.3333,1626666.6667,1388333.3333,283333.3333,258333.3333,20000.0000,0.0451
ikj_1000,1478733333.3333,723000000.0000,578000000.0000,0.0000,0.0000,303060000.0000,36093333.3333,28695000.0000,5723333.3333,4320000.0000,1415000.0000,0.2298
ijk_ikj_600_12,1451933333.3333,461466666.6667,380333333.3333,0.0000,0.0000,442013333.3333,2026666.6667,1121666.6667,895000.0000,881666.6667,13333.3333,0.0394
ijk_ikj_650_65,1430133333.3333,499666666.6667,410466666.6667,6666.6667,0.0000,512193333.3333,3046666.6667,2670000.0000,273333.3333,240000.0000,36666.6667,0.0475
ijk_ikj_650_130,1372666666.6667,535133333.3333,442266666.6667,13333.3333,0.0000,510933333.3333,8920000.0000,8053333.3333,716666.6667,680000.0000,35000.0000,0.0572
ijk_ikj_550_10,1349400000.0000,430400000.0000,354000000.0000,0.0000,0.0000,336666666.6667,2253333.3333,1935000.0000,788333.3333,781666.6667,15000.0000,0.0359
ijk_ikj_550_11,1329400000.0000,440400000.0000,363133333.3333,0.0000,6666.6667,379673333.3333,2013333.3333,1151666.6667,890000.0000,885000.0000,5000.0000,0.0371
ijk_ikj_600_25,1285400000.0000,429066666.6667,350866666.6667,13333.3333,0.0000,421920000.0000,1120000.0000,483333.3333,571666.6667,548333.3333,8333.3333,0.0354
ijk_ikj_600_20,1275600000.0000,427600000.0000,349600000.0000,20000.0000,0.0000,440560000.0000,1220000.0000,508333.3333,658333.3333,636666.6667,15000.0000,0.0374
ikj_950,1271000000.0000,668000000.0000,534733333.3333,0.0000,0.0000,252200000.0000,23286666.6667,20531666.6667,4008333.3333,3218333.3333,780000.0000,0.1867
ijk_ikj_600_30,1257866666.6667,426800000.0000,350266666.6667,13333.3333,0.0000,428413333.3333,893333.3333,506666.6667,406666.6667,386666.6667,16666.6667,0.0357
ijk_ikj_600_24,1231666666.6667,416866666.6667,342200000.0000,13333.3333,0.0000,472573333.3333,1066666.6667,393333.3333,426666.6667,416666.6667,8333.3333,0.0374
ijk_700,1207933333.3333,1463800000.0000,1206266666.6667,0.0000,0.0000,357480000.0000,336646666.6667,312110000.0000,16298333.3333,16093333.3333,106666.6667,0.1121
ijk_ikj_600_50,1163866666.6667,401933333.3333,331666666.6667,0.0000,0.0000,420266666.6667,1293333.3333,1213333.3333,245000.0000,211666.6667,20000.0000,0.0339
ijk_ikj_600_40,1148266666.6667,407266666.6667,333133333.3333,6666.6667,0.0000,433460000.0000,806666.6667,480000.0000,273333.3333,221666.6667,15000.0000,0.0364
ijk_ikj_600_75,1124866666.6667,409800000.0000,335133333.3333,6666.6667,0.0000,419373333.3333,4660000.0000,3875000.0000,196666.6667,176666.6667,16666.6667,0.0332
ijk_ikj_600_60,1106666666.6667,404000000.0000,331133333.3333,0.0000,0.0000,419766666.6667,2193333.3333,2008333.3333,201666.6667,188333.3333,28333.3333,0.0370
ijk_ikj_600_100,1074800000.0000,416533333.3333,342266666.6667,0.0000,0.0000,390793333.3333,7413333.3333,7048333.3333,246666.6667,243333.3333,23333.3333,0.0403
ijk_ikj_600_150,1072466666.6667,447066666.6667,367533333.3333,0.0000,0.0000,429693333.3333,6786666.6667,4695000.0000,715000.0000,696666.6667,11666.6667,0.0358
ikj_900,1070200000.0000,503400000.0000,406666666.6667,0.0000,0.0000,204420000.0000,24613333.3333,22555000.0000,4265000.0000,3605000.0000,663333.3333,0.1448
ijk_ikj_600_120,1067533333.3333,406866666.6667,333800000.0000,0.0000,0.0000,396760000.0000,6860000.0000,6323333.3333,405000.0000,380000.0000,21666.6667,0.0489
ijk_ikj_550_22,1035266666.6667,337133333.3333,276533333.3333,6666.6667,0.0000,333100000.0000,793333.3333,390000.0000,440000.0000,428333.3333,5000.0000,0.0291
ijk_ikj_500_10,1013600000.0000,316400000.0000,261066666.6667,6666.6667,0.0000,289940000.0000,1986666.6667,1315000.0000,471666.6667,476666.6667,6666.6667,0.0280
ijk_ikj_550_25,990133333.3333,333800000.0000,274000000.0000,0.0000,0.0000,336700000.0000,820000.0000,395000.0000,363333.3333,370000.0000,6666.6667,0.0290
ijk_650,967800000.0000,1180400000.0000,968933333.3333,0.0000,0.0000,272220000.0000,260726666.6667,258691666.6667,14670000.0000,14486666.6667,76666.6667,0.0907
ikj_850,900600000.0000,461866666.6667,373066666.6667,13333.3333,0.0000,186873333.3333,17053333.3333,14371666.6667,2758333.3333,2455000.0000,286666.6667,0.1283
ijk_ikj_550_50,896733333.3333,313933333.3333,257133333.3333,6666.6667,0.0000,289740000.0000,933333.3333,978333.3333,200000.0000,168333.3333,8333.3333,0.0293
ijk_ikj_550_55,893800000.0000,313333333.3333,256400000.0000,6666.6667,0.0000,305593333.3333,1333333.3333,1231666.6667,170000.0000,158333.3333,15000.0000,0.0304
ijk_ikj_550_110,838733333.3333,326133333.3333,266866666.6667,6666.6667,0.0000,328180000.0000,6280000.0000,4693333.3333,240000.0000,215000.0000,26666.6667,0.0349
ijk_600,761333333.3333,918800000.0000,754000000.0000,6666.6667,0.0000,234433333.3333,208213333.3333,185576666.6667,9463333.3333,9356666.6667,50000.0000,0.0715
ijk_ikj_500_25,744600000.0000,243466666.6667,200533333.3333,0.0000,0.0000,245133333.3333,720000.0000,366666.6667,266666.6667,281666.6667,8333.3333,0.0215
ikj_800,743200000.0000,349533333.3333,283733333.3333,6666.6667,0.0000,148173333.3333,17926666.6667,15173333.3333,2805000.0000,2495000.0000,278333.3333,0.0969
ijk_ikj_450_10,739333333.3333,234000000.0000,191066666.6667,6666.6667,0.0000,165393333.3333,1086666.6667,1276666.6667,265000.0000,276666.6667,3333.3333,0.0219
ijk_ikj_500_20,738266666.6667,255333333.3333,209000000.0000,0.0000,0.0000,243926666.6667,800000.0000,413333.3333,338333.3333,315000.0000,6666.6667,0.0210
ijk_ikj_500_50,673933333.3333,234000000.0000,191733333.3333,0.0000,0.0000,264553333.3333,906666.6667,575000.0000,125000.0000,101666.6667,11666.6667,0.0239
ijk_ikj_450_15,646200000.0000,213000000.0000,173933333.3333,6666.6667,0.0000,220366666.6667,706666.6667,411666.6667,218333.3333,205000.0000,3333.3333,0.0186
ikj_750,644666666.6667,325400000.0000,266200000.0000,6666.6667,0.0000,144013333.3333,12006666.6667,9271666.6667,1520000.0000,1418333.3333,100000.0000,0.0906
ijk_ikj_500_125,623000000.0000,257066666.6667,210733333.3333,6666.6667,0.0000,235573333.3333,4133333.3333,3541666.6667,266666.6667,240000.0000,10000.0000,0.0216
ijk_ikj_500_100,621533333.3333,231200000.0000,189733333.3333,0.0000,0.0000,190700000.0000,3720000.0000,4671666.6667,135000.0000,108333.3333,16666.6667,0.0299
ijk_ikj_450_18,598200000.0000,188933333.3333,155533333.3333,0.0000,0.0000,191213333.3333,586666.6667,350000.0000,190000.0000,175000.0000,1666.6667,0.0184
ijk_550,586000000.0000,698600000.0000,574533333.3333,0.0000,0.0000,193086666.6667,137820000.0000,127448333.3333,6980000.0000,6926666.6667,30000.0000,0.0555
ijk_ikj_450_25,542533333.3333,189000000.0000,154800000.0000,0.0000,0.0000,199846666.6667,513333.3333,236666.6667,143333.3333,146666.6667,3333.3333,0.0189
ijk_ikj_450_30,530666666.6667,184066666.6667,151400000.0000,0.0000,0.0000,201753333.3333,420000.0000,225000.0000,128333.3333,118333.3333,8333.3333,0.0168
ikj_700,519933333.3333,242400000.0000,197866666.6667,0.0000,0.0000,110666666.6667,11166666.6667,9253333.3333,1665000.0000,1603333.3333,70000.0000,0.0705
ijk_ikj_400_10,518600000.0000,171200000.0000,140333333.3333,6666.6667,0.0000,141746666.6667,853333.3333,788333.3333,133333.3333,126666.6667,5000.0000,0.0149
ijk_ikj_450_45,493133333.3333,176533333.3333,145333333.3333,13333.3333,0.0000,168646666.6667,426666.6667,316666.6667,98333.3333,106666.6667,5000.0000,0.0165
ijk_ikj_450_50,491000000.0000,173600000.0000,144000000.0000,0.0000,0.0000,196660000.0000,520000.0000,441666.6667,80000.0000,76666.6667,5000.0000,0.0175
ijk_ikj_450_75,472866666.6667,174000000.0000,142600000.0000,0.0000,0.0000,161673333.3333,1413333.3333,1501666.6667,78333.3333,68333.3333,16666.6667,0.0185
ijk_ikj_450_90,465400000.0000,171400000.0000,141000000.0000,0.0000,0.0000,183153333.3333,3360000.0000,2520000.0000,53333.3333,61666.6667,15000.0000,0.0179
ijk_500,440800000.0000,519400000.0000,426533333.3333,0.0000,0.0000,179753333.3333,67433333.3333,60118333.3333,4700000.0000,4643333.3333,23333.3333,0.0411
ikj_650,417933333.3333,218866666.6667,179400000.0000,0.0000,0.0000,93826666.6667,7573333.3333,5838333.3333,995000.0000,951666.6667,36666.6667,0.0620
ijk_ikj_400_16,397066666.6667,130600000.0000,107066666.6667,6666.6667,0.0000,114066666.6667,440000.0000,345000.0000,175000.0000,165000.0000,3333.3333,0.0121
ijk_ikj_400_25,380666666.6667,128866666.6667,105800000.0000,0.0000,0.0000,145013333.3333,313333.3333,168333.3333,86666.6667,93333.3333,3333.3333,0.0120
ijk_ikj_400_20,376866666.6667,131666666.6667,109066666.6667,6666.6667,0.0000,139320000.0000,386666.6667,190000.0000,101666.6667,95000.0000,5000.0000,0.0110
ijk_ikj_350_10,347466666.6667,115066666.6667,95000000.0000,6666.6667,0.0000,92826666.6667,566666.6667,560000.0000,71666.6667,66666.6667,1666.6667,0.0103
ijk_ikj_400_50,345133333.3333,126266666.6667,102533333.3333,0.0000,0.0000,147753333.3333,453333.3333,216666.6667,45000.0000,50000.0000,6666.6667,0.0111
ijk_ikj_400_40,339800000.0000,120733333.3333,99866666.6667,0.0000,0.0000,127193333.3333,273333.3333,141666.6667,55000.0000,58333.3333,1666.6667,0.0127
ikj_600,325466666.6667,154266666.6667,126733333.3333,0.0000,0.0000,70786666.6667,7466666.6667,5820000.0000,933333.3333,915000.0000,30000.0000,0.0421
ijk_450,322466666.6667,363733333.3333,299866666.6667,0.0000,0.0000,157986666.6667,24933333.3333,21271666.6667,2755000.0000,2740000.0000,3333.3333,0.0291
ijk_ikj_400_80,322466666.6667,127200000.0000,103200000.0000,6666.6667,6666.6667,123460000.0000,1800000.0000,1571666.6667,51666.6667,38333.3333,6666.6667,0.0140
ijk_ikj_400_100,318333333.3333,131800000.0000,108466666.6667,0.0000,0.0000,125313333.3333,2206666.6667,1893333.3333,68333.3333,55000.0000,5000.0000,0.0110
ijk_ikj_350_14,304666666.6667,100266666.6667,83400000.0000,0.0000,0.0000,87566666.6667,326666.6667,288333.3333,61666.6667,60000.0000,3333.3333,0.0093
ijk_ikj_350_25,255200000.0000,87200000.0000,71333333.3333,0.0000,0.0000,101766666.6667,293333.3333,116666.6667,46666.6667,46666.6667,5000.0000,0.0085
ikj_550,252000000.0000,134000000.0000,109733333.3333,0.0000,0.0000,51206666.6667,4160000.0000,3828333.3333,666666.6667,645000.0000,20000.0000,0.0361
ijk_ikj_350_35,245333333.3333,87400000.0000,71266666.6667,6666.6667,6666.6667,84026666.6667,146666.6667,125000.0000,63333.3333,41666.6667,0.0000,0.0088
ijk_ikj_350_50,231000000.0000,89000000.0000,74600000.0000,0.0000,6666.6667,93453333.3333,306666.6667,228333.3333,48333.3333,35000.0000,11666.6667,0.0086
ijk_400,226733333.3333,256133333.3333,209333333.3333,6666.6667,0.0000,112446666.6667,9886666.6667,9746666.6667,2718333.3333,2701666.6667,5000.0000,0.0204
ijk_ikj_350_70,224000000.0000,86733333.3333,70266666.6667,0.0000,0.0000,86580000.0000,680000.0000,510000.0000,26666.6667,30000.0000,5000.0000,0.0098
ijk_ikj_300_10,218600000.0000,74066666.6667,61066666.6667,6666.6667,0.0000,64726666.6667,413333.3333,326666.6667,23333.3333,28333.3333,5000.0000,0.0068
ijk_ikj_300_15,191466666.6667,63066666.6667,52066666.6667,0.0000,0.0000,55646666.6667,193333.3333,163333.3333,28333.3333,31666.6667,3333.3333,0.0061
ikj_500,186733333.3333,82266666.6667,67533333.3333,0.0000,0.0000,33106666.6667,3680000.0000,4098333.3333,765000.0000,753333.3333,13333.3333,0.0257
ijk_ikj_300_12,181333333.3333,61200000.0000,49400000.0000,0.0000,0.0000,59666666.6667,320000.0000,190000.0000,18333.3333,21666.6667,3333.3333,0.0058
ijk_ikj_300_25,160866666.6667,55533333.3333,45800000.0000,6666.6667,0.0000,51946666.6667,140000.0000,96666.6667,30000.0000,28333.3333,0.0000,0.0051
ijk_ikj_300_20,159200000.0000,54200000.0000,44600000.0000,0.0000,0.0000,59373333.3333,166666.6667,100000.0000,25000.0000,26666.6667,0.0000,0.0058
ijk_ikj_300_30,157000000.0000,56200000.0000,45933333.3333,6666.6667,0.0000,58926666.6667,146666.6667,71666.6667,28333.3333,28333.3333,3333.3333,0.0056
ijk_350,150800000.0000,168866666.6667,139600000.0000,0.0000,0.0000,74866666.6667,6120000.0000,6455000.0000,781666.6667,776666.6667,3333.3333,0.0136
ijk_ikj_300_50,145200000.0000,54800000.0000,44666666.6667,0.0000,0.0000,52873333.3333,160000.0000,101666.6667,16666.6667,15000.0000,3333.3333,0.0062
ijk_ikj_300_75,140666666.6667,51533333.3333,42600000.0000,0.0000,0.0000,56240000.0000,453333.3333,373333.3333,16666.6667,18333.3333,8333.3333,0.0051
ijk_ikj_300_60,138800000.0000,50733333.3333,42466666.6667,0.0000,0.0000,53033333.3333,153333.3333,166666.6667,13333.3333,15000.0000,1666.6667,0.0062
ikj_450,136066666.6667,64933333.3333,53400000.0000,0.0000,0.0000,23966666.6667,2286666.6667,2498333.3333,423333.3333,410000.0000,3333.3333,0.0195
ijk_ikj_250_10,126800000.0000,41333333.3333,33333333.3333,0.0000,0.0000,37693333.3333,246666.6667,196666.6667,8333.3333,8333.3333,0.0000,0.0042
ijk_300,95400000.0000,105066666.6667,86600000.0000,0.0000,0.0000,45673333.3333,3173333.3333,4050000.0000,573333.3333,580000.0000,0.0000,0.0079
ikj_400,93666666.6667,45000000.0000,36933333.3333,0.0000,0.0000,16973333.3333,1680000.0000,2125000.0000,358333.3333,348333.3333,3333.3333,0.0128
ijk_ikj_250_25,93266666.6667,32533333.3333,26066666.6667,0.0000,0.0000,27613333.3333,73333.3333,71666.6667,16666.6667,13333.3333,0.0000,0.0034
ijk_ikj_250_50,83400000.0000,31200000.0000,25466666.6667,0.0000,0.0000,36633333.3333,60000.0000,45000.0000,10000.0000,6666.6667,0.0000,0.0037
ikj_350,70066666.6667,36266666.6667,30133333.3333,0.0000,0.0000,17420000.0000,1280000.0000,828333.3333,115000.0000,106666.6667,0.0000,0.0096
ijk_ikj_200_10,65133333.3333,21000000.0000,17666666.6667,0.0000,0.0000,14953333.3333,86666.6667,105000.0000,1666.6667,3333.3333,0.0000,0.0021
ijk_250,55266666.6667,59466666.6667,49000000.0000,0.0000,0.0000,24066666.6667,1373333.3333,1560000.0000,226666.6667,216666.6667,1666.6667,0.0046
ijk_ikj_200_25,47866666.6667,17066666.6667,13533333.3333,0.0000,0.0000,15120000.0000,53333.3333,28333.3333,13333.3333,6666.6667,0.0000,0.0016
ijk_ikj_200_20,47800000.0000,17066666.6667,14200000.0000,0.0000,0.0000,16746666.6667,46666.6667,33333.3333,3333.3333,1666.6667,0.0000,0.0018
ikj_300,43533333.3333,19600000.0000,16466666.6667,0.0000,0.0000,10526666.6667,826666.6667,776666.6667,100000.0000,95000.0000,1666.6667,0.0055
ijk_ikj_200_50,43133333.3333,16266666.6667,13466666.6667,0.0000,0.0000,14266666.6667,33333.3333,31666.6667,8333.3333,1666.6667,0.0000,0.0016
ijk_ikj_200_40,42533333.3333,14800000.0000,12600000.0000,0.0000,0.0000,15533333.3333,13333.3333,20000.0000,0.0000,0.0000,0.0000,0.0020
ijk_200,28266666.6667,29266666.6667,24000000.0000,0.0000,0.0000,14293333.3333,546666.6667,481666.6667,53333.3333,63333.3333,0.0000,0.0023
ijk_ikj_150_10,27400000.0000,9600000.0000,9066666.6667,0.0000,0.0000,7060000.0000,20000.0000,40000.0000,0.0000,3333.3333,0.0000,0.0009
ikj_250,25866666.6667,11733333.3333,10000000.0000,0.0000,0.0000,5506666.6667,466666.6667,466666.6667,25000.0000,30000.0000,1666.6667,0.0033
ijk_ikj_150_15,24000000.0000,8666666.6667,7000000.0000,0.0000,0.0000,7186666.6667,26666.6667,20000.0000,1666.6667,1666.6667,1666.6667,0.0009
ijk_ikj_150_25,19800000.0000,7266666.6667,6466666.6667,0.0000,0.0000,6060000.0000,13333.3333,21666.6667,1666.6667,0.0000,0.0000,0.0010
ijk_ikj_150_30,19666666.6667,7400000.0000,6200000.0000,0.0000,0.0000,8300000.0000,13333.3333,8333.3333,0.0000,1666.6667,0.0000,0.0008
ikj_200,13200000.0000,6000000.0000,4933333.3333,0.0000,0.0000,3333333.3333,280000.0000,256666.6667,5000.0000,3333.3333,0.0000,0.0017
ijk_150,11933333.3333,12333333.3333,9400000.0000,0.0000,0.0000,6786666.6667,206666.6667,196666.6667,11666.6667,6666.6667,0.0000,0.0010
ijk_ikj_100_10,7933333.3333,2400000.0000,1933333.3333,0.0000,0.0000,2313333.3333,13333.3333,3333.3333,0.0000,0.0000,0.0000,0.0003
ijk_ikj_100_25,5800000.0000,2266666.6667,2266666.6667,0.0000,0.0000,2126666.6667,0.0000,3333.3333,0.0000,0.0000,0.0000,0.0004
ijk_ikj_100_20,5733333.3333,2200000.0000,1733333.3333,0.0000,0.0000,1693333.3333,6666.6667,5000.0000,1666.6667,0.0000,0.0000,0.0004
ikj_150,5733333.3333,2600000.0000,2200000.0000,0.0000,0.0000,1146666.6667,106666.6667,113333.3333,1666.6667,0.0000,1666.6667,0.0008
ijk_100,3266666.6667,3466666.6667,2800000.0000,0.0000,0.0000,1700000.0000,40000.0000,46666.6667,1666.6667,1666.6667,0.0000,0.0004
ikj_100,1866666.6667,733333.3333,666666.6667,0.0000,0.0000,413333.3333,20000.0000,36666.6667,0.0000,0.0000,0.0000,0.0001
