Function	Timer	DC accesses	DC misses	CPU clocks	Ret inst	DTLB L1M L2H	DTLB L1M L2M	DRAM accesses	L3 misses	time
ikj_50								1		0.0000
ijk_50		1		2	2					0.0000
ikj_100		5		4	6					0.0000
ijk_100	3	6	1	12	10			1	1	0.0000
ikj_150	3	19		20	26					0.0000
ijk_150	9	32	10	70	57			1		0.0000
ikj_200	5	30		33	50			1		0.0000
ijk_200	22	63	44	148	113			3	2	0.0001
ikj_250	14	74	3	75	98			3	1	0.0000
ijk_250	45	132	44	297	229	156		2	1	0.0001
ikj_300	22	118	1	125	198	2				0.0000
ijk_300	77	215	73	484	383	331	1	4	2	0.0002
ikj_350	35	216	8	219	307	3		3	2	0.0001
ijk_350	133	313	155	707	553	661	1	15	7	0.0003
ikj_400	59	242	6	327	397	3		6	3	0.0001
ijk_400	211	499	167	1285	878	1070		25	16	0.0005
ikj_450	94	477	16	612	629	3	1	6	3	0.0002
ijk_450	284	705	385	1684	1249	1753		22	10	0.0006
ikj_500	111	439	11	601	729	4		16	8	0.0002
ijk_500	451	996	1794	2775	1766	2693	1	44	25	0.0010
ikj_550	171	789	18	997	1059	5		14	7	0.0004
ijk_550	533	1325	1033	3301	2383	4041	6	35	18	0.0012
ikj_600	198	872	29	1217	1440	8		11	5	0.0004
ijk_600	721	1749	1020	4379	3052	5977	11	31	21	0.0015
ikj_650	281	1312	45	1677	1726	12		20	12	0.0006
ijk_650	919	2214	1476	5587	3947	8417	54	85	49	0.0020
ikj_700	310	1384	55	1868	2297	14	2	26	15	0.0007
ijk_700	1192	2732	1802	7244	4848	11887	159	99	52	0.0027
ikj_750	474	2254	74	2860	2985	13	2	22	10	0.0010
ijk_750	2959	3321	12793	17032	5730	13132	1994	141	81	0.0061
ikj_800	475	2082	90	2961	3433	11	7	12	10	0.0010
ijk_800	5253	3826	19925	30251	6987	12129	6342	87	50	0.0109
ikj_850	683	3154	102	4063	4166	10	13	21	9	0.0014
ijk_850	7881	4785	7950	46357	8655	11625	11191	147	92	0.0161
ikj_900	673	3108	151	4330	5142	7	22	23	12	0.0014
ijk_900	12002	5769	9829	70710	9841	10715	17208	268	150	0.0246
ikj_950	967	4518	170	5862	5956	9	26	19	10	0.0020
ijk_950	16970	6835	13687	100332	11871	9890	24128	354	218	0.0345
ikj_1000	976	4158	204	5956	6814	10	31	29	16	0.0020
ijk_1000	22417	8353	11518	133766	13696	9045	32214	463	291	0.0458
ikj_1050	1268	5993	231	7856	7866	11	37	36	16	0.0027
ijk_1050	28300	8827	24039	168172	14250	8830	39954	623	404	0.0577
ikj_1100	1372	5638	260	8340	9290	7	41	98	61	0.0028
ijk_1100	34060	10713	39078	201601	20671	8799	47187	812	549	0.0690
ikj_1150	1783	8136	318	11092	10761	6	48	86	51	0.0036
ijk_1150	38774	12089	33220	229115	23195	9511	54370	1025	732	0.0787
ikj_1200	1870	7396	363	11522	12195	8	55	122	76	0.0038
ijk_1200	45275	13413	42208	268919	24661	8514	63957	1582	1220	0.0926
ikj_1250	2733	10805	422	17274	14126	6	64	341	262	0.0055
ijk_1250	49192	14789	59233	290533	25712	8004	67240	1932	1572	0.1076
ikj_1300	1664	4740	230	10214	7727		41	527	373	0.0067
ijk_1300	30072	9127	33135	176864	15422	4211	41805	1460	1209	0.1219
ikj_1350	2193	6448	256	12925	8319	5	50	1024	703	0.0088
ijk_1350	34082	9949	45077	202189	17316	4255	47008	1833	1551	0.1386
ikj_1400	2331	5512	254	13259	8812	4	57	1704	1165	0.0094
ijk_1400	38753	10936	47022	227337	19165	4076	53344	2178	1890	0.1572
ikj_1450	2669	7842	266	15822	10151	3	61	2059	1638	0.0109
ijk_1450	43067	12213	53431	252768	21489	4070	59424	2610	2235	0.1740
ikj_1500	2843	6448	282	15591	10600	8	71	2352	2099	0.0114
ijk_1500	48524	13390	63485	285500	22337	3911	66419	2877	2529	0.1970
ijk_ikj_100_50	1	1		2	2					0.0000
ijk_ikj_100_100	1									0.0000
ijk_ikj_150_50	2	6		6	13					0.0000
ijk_ikj_150_75	2	11		10	15			1		0.0000
ijk_ikj_150_150	2	11		10	15					0.0000
ijk_ikj_200_50	4	18		21	43			1		0.0000
ijk_ikj_200_100	3	11	1	12	23			1		0.0000
ijk_ikj_200_200	3	9	1	10	16					0.0000
ijk_ikj_250_50	7	47	2	48	88					0.0000
ijk_ikj_250_125	10	44	6	48	58					0.0000
ijk_ikj_250_250	8	32		37	47	1		1		0.0000
ijk_ikj_300_50	13	86	3	84	156					0.0000
ijk_ikj_300_60	12	55	2	56	118			1		0.0000
ijk_ikj_300_75	12	76	2	66	112				1	0.0000
ijk_ikj_300_100	10	62	3	63	126				1	0.0001
ijk_ikj_300_150	14	75	8	89	116	1		1		0.0000
ijk_ikj_300_300	12	59	3	68	110	1		1	1	0.0001
ijk_ikj_350_50	19	97	4	84	170			2		0.0000
ijk_ikj_350_70	20	102	1	91	185					0.0001
ijk_ikj_350_175	27	152	15	160	189	1				0.0001
ijk_ikj_350_350	21	93	1	104	141	1				0.0001
ijk_ikj_400_50	27	160	6	149	288					0.0001
ijk_ikj_400_80	21	137	9	153	277					0.0001
ijk_ikj_400_100	27	126	13	146	250					0.0001
ijk_ikj_400_200	30	122	18	154	215	3		1		0.0001
ijk_ikj_400_400	33	141	6	211	242	2			1	0.0001
ijk_ikj_450_50	38	228	8	214	419			1	2	0.0001
ijk_ikj_450_75	43	246	3	220	369			2	1	0.0002
ijk_ikj_450_90	38	281	9	258	466					0.0002
ijk_ikj_450_150	53	278	38	323	425	4		2	1	0.0002
ijk_ikj_450_225	51	248	23	260	305	3		1		0.0002
ijk_ikj_450_450	48	229	6	290	334	3		2		0.0002
ijk_ikj_500_50	54	308	9	291	550	2		3		0.0002
ijk_ikj_500_100	48	269	14	275	530	13		5	2	0.0002
ijk_ikj_500_125	74	392	49	440	533	9	1	4	1	0.0002
ijk_ikj_500_250	59	309	27	328	468	5	1	2	2	0.0003
ijk_ikj_500_500	59	229	8	323	421	3		1	1	0.0002
ijk_ikj_550_50	75	452	16	433	832	2			1	0.0002
ijk_ikj_550_55	90	615	14	529	1025	1	1	3		0.0003
ijk_ikj_550_110	87	435	50	490	703	16		1	2	0.0004
ijk_ikj_550_275	90	503	39	517	613	7		4	3	0.0004
ijk_ikj_550_550	93	437	17	564	633	3		2		0.0004
ijk_ikj_600_50	92	533	19	502	972	3	2	4	2	0.0004
ijk_ikj_600_60	92	535	23	571	1147	2		3	2	0.0004
ijk_ikj_600_75	107	702	28	603	985	19	1	5	2	0.0004
ijk_ikj_600_100	96	457	65	549	943	25	1	4	1	0.0004
ijk_ikj_600_120	106	450	93	607	807	21		2	1	0.0004
ijk_ikj_600_150	111	582	73	663	905	17		5	3	0.0004
ijk_ikj_600_200	94	391	52	481	695	14		3	1	0.0005
ijk_ikj_600_300	87	466	45	538	854	9		4	2	0.0004
ijk_ikj_600_600	109	446	15	635	799	4	2	5	2	0.0004
ijk_ikj_650_50	121	733	21	689	1341	5		5	2	0.0004
ijk_ikj_650_65	127	885	16	771	1274	4		4	2	0.0005
ijk_ikj_650_130	140	710	99	843	1070	28	2	4	3	0.0005
ijk_ikj_650_325	150	873	56	890	1089	10		7	2	0.0006
ijk_ikj_650_650	155	699	19	905	1010	5	2	2	1	0.0006
ijk_ikj_700_50	149	943	30	902	1710	6		5	4	0.0006
ijk_ikj_700_70	160	990	24	917	1742	65	1	6	2	0.0006
ijk_ikj_700_100	134	695	49	764	1435	47	1	3	1	0.0007
ijk_ikj_700_140	173	733	123	950	1370	36	2	5	4	0.0006
ijk_ikj_700_175	195	1065	104	1154	1380	27		2	2	0.0007
ijk_ikj_700_350	168	864	63	1054	1298	13	1	7	5	0.0008
ijk_ikj_700_700	161	639	24	916	1154	7	1	6	3	0.0007
ijk_ikj_750_50	189	1156	48	1110	2105	8	2	14	8	0.0007
ijk_ikj_750_75	211	1277	53	1167	1860	85	3	8	6	0.0008
ijk_ikj_750_125	274	1348	169	1553	1825	48		14	8	0.0009
ijk_ikj_750_150	232	1159	146	1352	1751	40	1	5	2	0.0011
ijk_ikj_750_250	206	1076	100	1176	1602	24		7	3	0.0010
ijk_ikj_750_375	287	1392	84	1750	1713	16	2	8	2	0.0008
ijk_ikj_750_750	245	1134	35	1488	1638	4	4	28	16	0.0012
ijk_ikj_800_50	232	1462	51	1429	2666	13	4	26	11	0.0010
ijk_ikj_800_80	367	1860	104	2039	3552	188	1	11	3	0.0010
ijk_ikj_800_100	434	2140	311	2555	4365	159	3	20	10	0.0008
ijk_ikj_800_160	471	1998	313	2677	3567	102	1	14	7	0.0009
ijk_ikj_800_200	462	2002	287	2623	3610	80	2	19	10	0.0010
ijk_ikj_800_400	548	2071	170	3228	3684	37	2	14	10	0.0009
ijk_ikj_800_800	522	2136	104	3204	3804	11	10	7	4	0.0011
ijk_ikj_850_50	549	3387	100	3254	6188	31	11	13	11	0.0011
ijk_ikj_850_85	606	3825	137	3470	5713	242	4	17	12	0.0011
ijk_ikj_850_170	651	3129	384	3698	4716	119	3	22	12	0.0012
ijk_ikj_850_425	821	3731	212	4842	4492	45	2	17	9	0.0013
ijk_ikj_850_850	698	3304	123	4352	4738	11	15	15	10	0.0017
ijk_ikj_900_50	679	4185	127	4171	7705	329	11	23	10	0.0014
ijk_ikj_900_60	641	3493	103	3854	7521	402	7	25	11	0.0014
ijk_ikj_900_75	705	4325	87	3874	6235	358	5	19	16	0.0013
ijk_ikj_900_90	609	3699	126	3462	6101	286	5	14	8	0.0014
ijk_ikj_900_100	592	2995	332	3438	6127	260	4	19	10	0.0012
ijk_ikj_900_150	783	3895	496	4484	6052	171	4	25	10	0.0012
ijk_ikj_900_180	654	3104	453	3865	5777	139	2	16	15	0.0016
ijk_ikj_900_225	776	4246	369	4446	5195	117	1	24	14	0.0014
ijk_ikj_900_300	600	2784	291	3256	5091	89	4	21	12	0.0016
ijk_ikj_900_450	856	3557	244	4890	5195	59	1	23	13	0.0012
ijk_ikj_900_900	732	3070	141	4389	5376	8	19	9	5	0.0017
ijk_ikj_950_50	819	4903	156	5019	8968	583	15	30	17	0.0015
ijk_ikj_950_95	881	5546	231	5061	8178	336	8	23	8	0.0017
ijk_ikj_950_190	901	4421	493	5038	6763	173	2	30	17	0.0018
ijk_ikj_950_475	1167	5464	302	7095	6600	64	4	24	13	0.0018
ijk_ikj_950_950	978	4507	174	6010	6492	9	23	24	13	0.0024
ijk_ikj_1000_50	951	5563	201	5739	10242	738	18	30	17	0.0020
ijk_ikj_1000_100	1017	4352	649	5757	8396	400	8	36	17	0.0020
ijk_ikj_1000_125	1257	6462	807	7391	8710	315	6	37	20	0.0021
ijk_ikj_1000_200	854	4009	610	4968	7094	193	4	28	19	0.0026
ijk_ikj_1000_250	937	4924	472	5211	7200	165	4	27	15	0.0018
ijk_ikj_1000_500	1044	4244	364	6481	7729	69	5	24	15	0.0019
ijk_ikj_1000_1000	998	4213	207	6261	7487	8	30	41	21	0.0022
ijk_ikj_1050_50	1135	6301	258	6721	11372	926	27	41	22	0.0021
ijk_ikj_1050_70	1129	6495	276	6519	11804	674	16	52	28	0.0024
ijk_ikj_1050_75	1164	7417	305	6932	10762	618	14	42	20	0.0023
ijk_ikj_1050_105	1433	6891	881	8241	9083	465	10	52	28	0.0024
ijk_ikj_1050_150	1270	6213	818	7363	9561	322	9	41	22	0.0030
ijk_ikj_1050_175	1368	7091	702	7806	9302	283	7	43	25	0.0026
ijk_ikj_1050_210	1174	6086	651	6836	8996	221	4	35	20	0.0028
ijk_ikj_1050_350	1214	5632	417	7017	8361	143	4	41	24	0.0024
ijk_ikj_1050_525	1565	7409	421	9677	9014	70	19	38	24	0.0025
ijk_ikj_1050_1050	1348	6147	242	8218	8709	7	33	33	22	0.0032
ijk_ikj_1100_50	1284	7228	203	7543	13155	1094	26	63	41	0.0027
ijk_ikj_1100_55	1531	9485	236	9168	15743	993	27	67	38	0.0026
ijk_ikj_1100_100	1059	5596	341	6234	11407	571	11	50	29	0.0032
ijk_ikj_1100_110	1456	7305	827	8489	11894	526	10	63	34	0.0022
ijk_ikj_1100_220	1168	5340	683	6425	9827	272	7	42	23	0.0030
ijk_ikj_1100_275	1427	8105	616	8218	9914	209	8	39	18	0.0024
ijk_ikj_1100_550	1579	7016	473	9611	10165	68	39	36	19	0.0029
ijk_ikj_1100_1100	1381	5483	281	8195	9852	9	43	43	29	0.0033
ijk_ikj_1150_50	1490	8505	277	8897	15523	1198	35	88	39	0.0028
ijk_ikj_1150_115	1757	9344	948	9970	12302	613	8	76	39	0.0031
ijk_ikj_1150_230	1548	7911	790	8847	11967	297	9	48	32	0.0036
ijk_ikj_1150_575	2090	9760	567	12897	11886	60	55	51	28	0.0032
ijk_ikj_1150_1150	1821	8113	335	11065	11604	7	50	71	47	0.0043
ijk_ikj_1200_50	1700	9768	344	10199	17536	1366	39	98	46	0.0037
ijk_ikj_1200_60	1566	8017	338	9141	17304	1188	31	101	49	0.0035
ijk_ikj_1200_75	1725	10910	386	10315	15828	988	24	93	44	0.0032
ijk_ikj_1200_80	1301	6899	362	7754	13264	910	22	72	34	0.0036
ijk_ikj_1200_100	1442	7048	719	8247	14426	769	14	59	45	0.0027
ijk_ikj_1200_120	1722	6994	1703	9851	12561	645	15	56	34	0.0030
ijk_ikj_1200_150	1879	9247	1244	10786	14292	533	13	62	37	0.0035
ijk_ikj_1200_200	1507	6905	1090	8824	12297	406	13	58	38	0.0039
ijk_ikj_1200_240	1455	6677	795	8384	11964	344	13	92	54	0.0031
ijk_ikj_1200_300	1385	6842	764	8176	12556	272	9	68	39	0.0030
ijk_ikj_1200_400	1844	7136	684	11444	12695	184	18	84	43	0.0030
ijk_ikj_1200_600	1792	7068	662	11190	12582	56	74	69	45	0.0039
ijk_ikj_1200_1200	2119	7219	370	12615	12747	4	63	332	218	0.0038
ijk_ikj_1250_50	1891	10508	316	11031	19249	1596	51	201	99	0.0043
ijk_ikj_1250_125	2419	12181	1551	13769	16395	719	18	365	171	0.0039
ijk_ikj_1250_250	1906	9574	949	10800	14180	392	12	184	96	0.0050
ijk_ikj_1250_625	2675	12094	728	16066	14408	55	104	98	51	0.0039
ijk_ikj_1250_1250	2836	10721	423	17892	15224	4	65	427	335	0.0055
ijk_ikj_1300_50	2127	11826	392	12374	21652	1804	48	220	129	0.0057
ijk_ikj_1300_52	2065	10437	365	12184	23005	1719	51	159	93	0.0044
ijk_ikj_1300_65	2059	13434	313	12576	19565	1414	34	147	81	0.0043
ijk_ikj_1300_100	1734	9117	583	10164	18569	975	18	94	60	0.0044
ijk_ikj_1300_130	2411	11454	1777	13869	17503	765	18	142	85	0.0036
ijk_ikj_1300_260	1877	8810	1049	10662	16316	432	15	105	61	0.0049
ijk_ikj_1300_325	2447	13360	936	14366	16664	333	21	177	98	0.0038
ijk_ikj_1300_650	2631	11202	829	15650	15913	50	122	144	77	0.0050
ijk_ikj_1300_1300	3428	9315	446	21253	16481	7	81	1242	892	0.0054
ijk_ikj_1350_50	2356	13161	418	13882	24153	2019	63	224	121	0.0071
ijk_ikj_1350_54	2456	14515	413	14805	27562	1897	53	362	190	0.0050
ijk_ikj_1350_75	2551	15649	332	15291	22099	1419	35	150	86	0.0053
ijk_ikj_1350_90	2014	12567	465	12111	20838	1194	26	140	77	0.0054
ijk_ikj_1350_135	2988	15929	1802	17950	21297	826	23	136	80	0.0043
ijk_ikj_1350_150	2685	13545	1829	16042	20889	748	19	128	57	0.0063
ijk_ikj_1350_225	2648	14691	1339	15922	18213	532	17	117	69	0.0057
ijk_ikj_1350_270	2370	12503	1185	13867	18829	472	17	72	45	0.0057
ijk_ikj_1350_450	3132	13182	1078	19284	18927	189	94	80	50	0.0050
ijk_ikj_1350_675	3373	15599	951	20846	18701	44	141	71	46	0.0064
ijk_ikj_1350_1350	4462	12831	527	26483	18101	8	93	2170	1470	0.0069
ijk_ikj_1400_50	1361	7684	260	7976	13956	1164	34	90	47	0.0090
ijk_ikj_1400_56	1115	5419	242	6392	10686	1032	26	112	63	0.0054
ijk_ikj_1400_70	1335	7805	277	7773	14099	825	20	82	38	0.0046
ijk_ikj_1400_100	1100	5745	372	6469	11693	602	13	56	36	0.0055
ijk_ikj_1400_140	1339	5896	1063	7739	11081	446	11	44	26	0.0045
ijk_ikj_1400_175	1622	8722	906	9391	11389	373	10	45	26	0.0055
ijk_ikj_1400_200	1183	5357	829	6742	9533	340	12	39	25	0.0067
ijk_ikj_1400_280	1131	5506	665	6652	9806	248	11	36	26	0.0049
ijk_ikj_1400_350	1468	7045	568	8874	10366	204	13	34	26	0.0047
ijk_ikj_1400_700	1474	5697	533	8974	10308	21	81	42	15	0.0060
ijk_ikj_1400_1400	2403	5581	251	13969	9675	4	54	1677	1160	0.0060
ijk_ikj_1450_50	1492	8361	286	8795	15311	1221	35	87	48	0.0096
ijk_ikj_1450_58	1408	8370	245	8474	14915	1059	31	86	50	0.0061
ijk_ikj_1450_145	1828	9305	1163	10697	11740	487	11	59	33	0.0058
ijk_ikj_1450_290	1439	7465	667	8222	10929	276	14	41	31	0.0076
ijk_ikj_1450_725	2090	9514	557	12679	11324	24	98	42	29	0.0060
ijk_ikj_1450_1450	2564	7765	288	15983	10965	5	58	1972	1529	0.0086
ijk_ikj_1500_50	1647	9203	291	9614	16792	1375	42	124	64	0.0110
ijk_ikj_1500_60	1514	7964	252	8913	17070	1147	32	92	51	0.0067
ijk_ikj_1500_75	1676	10623	251	9776	15405	958	23	80	48	0.0062
ijk_ikj_1500_100	1359	7061	486	7929	14398	738	16	62	40	0.0069
ijk_ikj_1500_125	2112	10818	1452	12264	14599	610	14	70	40	0.0056
ijk_ikj_1500_150	1840	9057	1241	10642	14067	520	11	64	41	0.0087
ijk_ikj_1500_250	3215	16524	1670	17923	24408	700	20	158	89	0.0076
ijk_ikj_1500_300	2818	13602	1480	16215	25006	582	23	164	105	0.0066
ijk_ikj_1500_375	4701	21095	1461	27967	25991	430	81	214	129	0.0058
ijk_ikj_1500_500	3736	14108	1556	23389	25611	159	232	406	194	0.0096
ijk_ikj_1500_750	4063	17518	1265	24570	25239	54	220	174	107	0.0079
ijk_ikj_1500_1500	5786	13352	603	33279	23821	9	144	4539	3977	0.0084
