Function	Timer	DC accesses	DC misses	CPU clocks	Ret inst	DTLB L1M L2H	DTLB L1M L2M	DRAM accesses	L3 misses	time
ikj_50	0	0	0	0	0	0	0	0	0	0.0003
ijk_50	0	0	0	250000	250000	0	0	0	0	0.0000
ikj_100	0	750000	0	750000	1000000	0	0	0	0	0.0007
ijk_100	2	500000	0	1000000	750000	0	0	150000	0	0.0017
ikj_150	2	3250000	0	2750000	4250000	0	0	0	0	0.0017
ijk_150	5	4000000	125000	9250000	7250000	0	0	100000	0	0.0050
ikj_200	3	4250000	0	4500000	7250000	0	0	100000	0	0.0033
ijk_200	12	7750000	525000	18250000	13750000	0	0	400000	50000	0.0137
ikj_250	7	9750000	25000	9750000	13000000	0	0	250000	0	0.0067
ijk_250	23	15500000	525000	35250000	27250000	2025000	0	550000	50000	0.0253
ikj_300	10	15250000	25000	15000000	25500000	25000	0	350000	0	0.0107
ijk_300	40	25500000	875000	58000000	45500000	4325000	0	1000000	50000	0.0437
ikj_350	17	24000000	75000	24250000	33750000	50000	0	900000	50000	0.0193
ijk_350	62	41250000	2000000	92500000	73000000	7975000	0	1700000	150000	0.0703
ikj_400	28	32000000	75000	42250000	52000000	25000	0	1050000	50000	0.0310
ijk_400	106	64250000	2175000	164750000	113000000	13150000	0	2250000	300000	0.1170
ikj_450	44	64500000	225000	82000000	86250000	50000	0	900000	50000	0.0563
ijk_450	139	87250000	4850000	208500000	155750000	22325000	0	2350000	200000	0.1590
ikj_500	53	58250000	200000	78000000	97500000	50000	0	1800000	150000	0.0610
ijk_500	224	122250000	21950000	338250000	216000000	34850000	25000	11050000	500000	0.2487
ikj_550	82	107750000	300000	133500000	143750000	75000	25000	2450000	200000	0.0937
ijk_550	264	157000000	12300000	390000000	281250000	54375000	75000	7350000	450000	0.2947
ikj_600	92	112000000	400000	153500000	185750000	100000	0	2350000	100000	0.1030
ijk_600	359	217000000	12625000	543750000	378500000	75850000	125000	5500000	450000	0.3930
ikj_650	133	156000000	525000	196250000	205500000	150000	0	4200000	200000	0.1527
ijk_650	450	272250000	18175000	685750000	485250000	108550000	700000	9100000	900000	0.5110
ikj_700	148	171000000	625000	226250000	283250000	175000	25000	4400000	250000	0.1650
ijk_700	592	346000000	22875000	910750000	614000000	148550000	2000000	10700000	950000	0.6797
ikj_750	221	265250000	875000	333000000	350250000	175000	25000	5900000	250000	0.2410
ijk_750	1411	388750000	149825000	1992750000	670750000	174150000	26550000	73300000	1700000	1.5640
ikj_800	227	259000000	1075000	359000000	427750000	125000	100000	7750000	300000	0.2517
ijk_800	2532	448250000	233575000	3540250000	819250000	159650000	83825000	113150000	1100000	2.7840
ikj_850	328	402750000	1350000	509500000	528750000	125000	175000	6900000	200000	0.3527
ijk_850	3893	595750000	98800000	5749750000	1074000000	146075000	140725000	43150000	1850000	4.1300
ikj_900	327	387500000	1925000	530500000	640750000	100000	275000	9550000	300000	0.3620
ijk_900	6023	716250000	122000000	8810750000	1225250000	133925000	215700000	62200000	3650000	6.2947
ikj_950	478	527500000	2000000	676750000	696250000	100000	325000	11550000	250000	0.4940
ijk_950	8512	849500000	171250000	12506750000	1474250000	123375000	302425000	76950000	4600000	8.8570
ikj_1000	481	507000000	2450000	707500000	832250000	100000	400000	12100000	350000	0.5010
ijk_1000	11216	1036750000	144075000	16663500000	1738000000	112900000	404375000	67150000	6100000	11.7330
ikj_1050	629	698750000	2675000	903750000	916500000	125000	525000	15750000	450000	0.6687
ijk_1050	14177	1106250000	299575000	20910500000	1789000000	110325000	501825000	127700000	8900000	14.7767
ikj_1100	662	675250000	3200000	968250000	1112500000	75000	575000	17600000	1200000	0.6840
ijk_1100	16930	1335250000	487000000	25047750000	2570750000	110375000	592200000	204150000	12050000	17.6540
ikj_1150	836	907250000	3475000	1215000000	1192500000	100000	725000	23400000	1200000	0.9053
ijk_1150	19391	1511500000	415600000	28567000000	2889750000	118675000	680700000	177950000	15900000	20.1493
ikj_1200	871	852500000	4250000	1302750000	1407500000	125000	775000	24250000	1750000	0.9327
ijk_1200	22617	1660000000	527400000	33518500000	3070500000	106400000	800900000	236700000	28300000	23.7183
ikj_1250	1323	1327000000	5200000	2097250000	1737250000	50000	850000	26550000	6350000	1.3983
ijk_1250	25124	1854500000	756175000	36920000000	3269500000	103700000	868875000	341950000	37550000	27.4883
ikj_1300	1093	774000000	3750000	1638750000	1260500000	25000	675000	33600000	12200000	1.7017
ijk_1300	19981	1508500000	548475000	29166500000	2563750000	71150000	701325000	357050000	35900000	31.1770
ikj_1350	1445	1080250000	4200000	2134000000	1395750000	100000	800000	44900000	23000000	2.2333
ijk_1350	22533	1659750000	748100000	33336500000	2879250000	71625000	787775000	473250000	48250000	35.4207
ikj_1400	1469	926500000	4450000	2180250000	1468000000	75000	950000	61350000	37350000	2.3817
ijk_1400	25751	1815000000	779700000	37525500000	3180500000	68350000	893875000	517350000	60450000	40.1773
ikj_1450	1690	1302750000	4575000	2599000000	1681000000	75000	1025000	69450000	49500000	2.7650
ijk_1450	28477	2021000000	888300000	41786250000	3591500000	68750000	994750000	649800000	79750000	44.4907
ikj_1500	1881	1090250000	4950000	2628500000	1794000000	125000	1150000	119600000	71950000	2.9097
ijk_1500	32131	2216250000	1047900000	46718000000	3769000000	66425000	1118075000	1252050000	93850000	50.1730
ijk_ikj_50_50	0	0	0	250000	250000	0	0	0	0	0.0000
ijk_ikj_100_50	1	500000	0	500000	750000	0	0	0	0	0.0010
ijk_ikj_100_100	0	0	0	0	0	0	0	0	0	0.0003
ijk_ikj_150_50	2	1250000	0	1500000	2750000	0	0	0	0	0.0020
ijk_ikj_150_75	2	1000000	0	1000000	2000000	0	0	50000	0	0.0017
ijk_ikj_150_150	1	1750000	0	1500000	3000000	0	0	50000	0	0.0020
ijk_ikj_200_50	3	4000000	0	4750000	10250000	0	0	50000	0	0.0043
ijk_ikj_200_100	3	2750000	25000	3000000	7000000	0	0	100000	0	0.0043
ijk_ikj_200_200	3	2750000	25000	3500000	7000000	0	0	50000	0	0.0040
ijk_ikj_250_50	6	7250000	25000	8250000	17250000	0	0	50000	50000	0.0083
ijk_ikj_250_125	7	8750000	100000	10750000	16000000	0	0	150000	0	0.0107
ijk_ikj_250_250	5	4250000	0	5000000	7250000	25000	0	300000	0	0.0080
ijk_ikj_300_50	10	15000000	25000	16750000	34000000	0	0	50000	0	0.0143
ijk_ikj_300_60	10	9250000	50000	11250000	24250000	0	0	150000	50000	0.0140
ijk_ikj_300_75	10	13750000	25000	13750000	26000000	0	0	50000	50000	0.0147
ijk_ikj_300_100	8	9250000	50000	10750000	23250000	0	0	50000	0	0.0127
ijk_ikj_300_150	12	13000000	150000	16000000	25500000	0	0	500000	0	0.0170
ijk_ikj_300_300	8	9250000	50000	11500000	20750000	25000	0	450000	100000	0.0130
ijk_ikj_350_50	16	18000000	75000	19000000	40500000	0	0	150000	0	0.0220
ijk_ikj_350_70	16	18000000	25000	18750000	40000000	0	0	50000	0	0.0220
ijk_ikj_350_175	19	25750000	250000	29000000	43000000	25000	0	700000	100000	0.0283
ijk_ikj_350_350	15	19500000	25000	21750000	37000000	25000	0	350000	0	0.0220
ijk_ikj_400_50	23	29000000	100000	31500000	66500000	0	0	150000	0	0.0333
ijk_ikj_400_80	18	21250000	125000	26500000	52750000	0	0	200000	50000	0.0280
ijk_ikj_400_100	22	24250000	275000	32250000	61750000	0	0	650000	100000	0.0323
ijk_ikj_400_200	23	25500000	325000	35750000	62750000	25000	0	750000	0	0.0330
ijk_ikj_400_400	22	24750000	75000	37000000	54250000	25000	0	650000	50000	0.0340
ijk_ikj_450_50	32	41000000	100000	44000000	94000000	0	0	300000	100000	0.0473
ijk_ikj_450_75	34	45750000	75000	45500000	86750000	0	0	250000	50000	0.0497
ijk_ikj_450_90	31	43000000	150000	44750000	88500000	0	0	300000	150000	0.0443
ijk_ikj_450_150	39	45000000	550000	56750000	89500000	75000	0	1550000	50000	0.0573
ijk_ikj_450_225	39	41500000	350000	46750000	66250000	50000	0	1650000	0	0.0570
ijk_ikj_450_450	34	34500000	125000	45250000	61250000	50000	0	1350000	50000	0.0550
ijk_ikj_500_50	45	54500000	150000	60000000	123250000	25000	0	450000	150000	0.0660
ijk_ikj_500_100	40	43750000	275000	53750000	110250000	225000	0	500000	200000	0.0603
ijk_ikj_500_125	58	71750000	825000	86250000	125000000	150000	0	1800000	100000	0.0887
ijk_ikj_500_250	46	51250000	450000	60500000	100500000	100000	0	2050000	150000	0.0687
ijk_ikj_500_500	42	41250000	150000	61500000	95000000	50000	0	1450000	50000	0.0653
ijk_ikj_550_50	60	77500000	275000	84250000	176250000	25000	0	450000	50000	0.0877
ijk_ikj_550_55	69	102250000	275000	98250000	201250000	25000	0	600000	150000	0.1030
ijk_ikj_550_110	71	79500000	875000	98500000	163500000	250000	0	900000	150000	0.1053
ijk_ikj_550_275	67	85500000	625000	95250000	141500000	125000	0	2650000	200000	0.1003
ijk_ikj_550_550	65	72250000	225000	95500000	128500000	50000	0	2350000	150000	0.1003
ijk_ikj_600_50	76	99000000	325000	108250000	228250000	50000	25000	900000	250000	0.1133
ijk_ikj_600_60	73	89750000	400000	109000000	236000000	50000	0	500000	150000	0.1107
ijk_ikj_600_75	84	118750000	500000	119000000	219000000	425000	25000	700000	200000	0.1240
ijk_ikj_600_100	74	82500000	1125000	110000000	213250000	400000	0	1800000	100000	0.1110
ijk_ikj_600_120	83	68750000	1350000	101500000	159250000	400000	0	3700000	150000	0.1213
ijk_ikj_600_150	86	100750000	1250000	124750000	203250000	300000	0	3700000	150000	0.1323
ijk_ikj_600_200	75	72250000	900000	101000000	174750000	225000	0	3850000	250000	0.1097
ijk_ikj_600_300	70	73750000	675000	94500000	173250000	150000	0	3600000	250000	0.1047
ijk_ikj_600_600	76	75500000	275000	110750000	168750000	50000	25000	2550000	150000	0.1143
ijk_ikj_650_50	111	130750000	375000	157250000	288500000	75000	0	750000	150000	0.1593
ijk_ikj_650_65	100	150000000	275000	150250000	281500000	325000	0	550000	150000	0.1470
ijk_ikj_650_130	111	119000000	1600000	154750000	236250000	475000	25000	3950000	350000	0.1710
ijk_ikj_650_325	109	141000000	900000	156250000	232000000	200000	0	4300000	250000	0.1673
ijk_ikj_650_650	107	116000000	325000	152500000	208750000	75000	25000	3300000	200000	0.1640
ijk_ikj_700_50	119	163250000	425000	178250000	370000000	100000	0	750000	300000	0.1813
ijk_ikj_700_70	78	115250000	275000	115750000	229500000	725000	0	250000	100000	0.1843
ijk_ikj_700_100	53	66000000	500000	76500000	145750000	425000	0	250000	100000	0.1603
ijk_ikj_700_140	77	78500000	1325000	106500000	165750000	375000	25000	1350000	50000	0.1903
ijk_ikj_700_175	103	131500000	1325000	149500000	207500000	325000	0	2650000	100000	0.2233
ijk_ikj_700_350	115	122250000	900000	156750000	235000000	225000	0	4700000	300000	0.1963
ijk_ikj_700_700	91	77750000	325000	113500000	162250000	100000	25000	3400000	150000	0.1763
ijk_ikj_750_50	124	163500000	625000	176000000	356500000	100000	25000	850000	250000	0.2260
ijk_ikj_750_75	110	156250000	700000	153750000	265750000	975000	25000	650000	250000	0.2413
ijk_ikj_750_125	157	185500000	2275000	225750000	307750000	650000	0	4250000	400000	0.2997
ijk_ikj_750_150	163	174250000	2100000	221000000	334250000	700000	25000	8250000	500000	0.2673
ijk_ikj_750_250	150	172000000	1625000	206750000	334000000	450000	0	7050000	250000	0.2360
ijk_ikj_750_375	199	219500000	1275000	287000000	355500000	275000	25000	6450000	350000	0.3090
ijk_ikj_750_750	153	176250000	575000	234250000	312000000	75000	50000	5750000	500000	0.2550
ijk_ikj_800_50	158	220250000	750000	243500000	487750000	200000	50000	1400000	400000	0.2803
ijk_ikj_800_80	178	213000000	1200000	253500000	476250000	2075000	0	850000	200000	0.2300
ijk_ikj_800_100	195	227500000	3250000	285250000	511750000	1650000	25000	2250000	400000	0.2623
ijk_ikj_800_160	194	209250000	3250000	290250000	422500000	1025000	25000	3850000	350000	0.2747
ijk_ikj_800_200	243	255250000	3500000	353500000	559500000	1025000	25000	8950000	550000	0.2640
ijk_ikj_800_400	285	252750000	2125000	402000000	542750000	500000	25000	8250000	550000	0.3050
ijk_ikj_800_800	254	251500000	1225000	381500000	514500000	125000	150000	6900000	350000	0.2757
ijk_ikj_850_50	311	439000000	1275000	473250000	938000000	1600000	125000	1300000	450000	0.3343
ijk_ikj_850_85	306	459250000	1725000	448750000	787000000	2800000	75000	1250000	400000	0.3553
ijk_ikj_850_170	270	300750000	3650000	363000000	491000000	1225000	25000	5100000	250000	0.3617
ijk_ikj_850_425	381	421000000	2350000	556000000	595750000	500000	25000	5900000	300000	0.4523
ijk_ikj_850_850	351	385250000	1500000	509500000	626500000	150000	200000	8300000	250000	0.3677
ijk_ikj_900_50	390	536500000	1600000	587750000	1156500000	4675000	125000	1700000	500000	0.4123
ijk_ikj_900_60	359	449250000	1350000	541750000	1114250000	5025000	100000	1650000	450000	0.3850
ijk_ikj_900_75	393	562500000	1250000	547250000	973000000	4350000	75000	1700000	750000	0.4153
ijk_ikj_900_90	349	478250000	1750000	496250000	946500000	3575000	50000	1650000	550000	0.3667
ijk_ikj_900_100	353	398500000	4250000	509250000	952500000	3200000	75000	3650000	750000	0.3720
ijk_ikj_900_150	412	440000000	5550000	528750000	782500000	2250000	50000	13100000	600000	0.4453
ijk_ikj_900_180	331	349750000	5025000	455500000	746250000	1700000	25000	10250000	600000	0.3853
ijk_ikj_900_225	428	527250000	4500000	582250000	791250000	1500000	25000	12500000	550000	0.4503
ijk_ikj_900_300	319	328500000	3375000	407000000	706000000	1100000	50000	10450000	500000	0.3550
ijk_ikj_900_450	406	416500000	2775000	581000000	721250000	650000	25000	7150000	550000	0.4753
ijk_ikj_900_900	348	346500000	1650000	507500000	689250000	100000	225000	7200000	400000	0.3880
ijk_ikj_950_50	467	621500000	2025000	689000000	1321750000	7400000	200000	2750000	1100000	0.4900
ijk_ikj_950_95	487	702500000	3050000	690500000	1212250000	4225000	100000	2900000	950000	0.5083
ijk_ikj_950_190	494	528000000	5800000	635750000	951500000	2300000	25000	16750000	1000000	0.5130
ijk_ikj_950_475	614	687750000	3800000	915000000	1024500000	800000	50000	13000000	1000000	0.6440
ijk_ikj_950_950	486	527750000	2050000	715750000	865500000	100000	300000	11500000	1000000	0.5273
ijk_ikj_1000_50	548	725500000	2575000	818750000	1553500000	9125000	250000	3000000	1100000	0.5750
ijk_ikj_1000_100	544	567250000	8375000	778750000	1322250000	4900000	75000	7800000	1050000	0.5723
ijk_ikj_1000_125	677	812500000	10000000	966500000	1297750000	4000000	50000	17200000	1250000	0.7127
ijk_ikj_1000_200	477	471000000	6600000	622000000	991750000	2550000	50000	18650000	1150000	0.5107
ijk_ikj_1000_250	525	627750000	5875000	717000000	1132000000	2075000	25000	15900000	850000	0.5440
ijk_ikj_1000_500	562	520750000	4300000	811250000	1132000000	875000	100000	15600000	1150000	0.5917
ijk_ikj_1000_1000	512	485750000	2475000	727250000	977750000	100000	400000	14050000	600000	0.5393
ijk_ikj_1050_50	500	658500000	2700000	727500000	1307000000	9525000	275000	2050000	750000	0.6740
ijk_ikj_1050_70	560	758750000	3350000	810000000	1543750000	7600000	175000	3150000	1100000	0.6637
ijk_ikj_1050_75	578	865000000	3575000	860500000	1443250000	7200000	200000	3150000	950000	0.6793
ijk_ikj_1050_105	715	838750000	10475000	1039250000	1320750000	5400000	125000	13800000	900000	0.8200
ijk_ikj_1050_150	639	712000000	9250000	879250000	1265500000	3875000	100000	18250000	1050000	0.7317
ijk_ikj_1050_175	744	909750000	8925000	1049250000	1447000000	3525000	75000	19500000	1150000	0.7853
ijk_ikj_1050_210	645	756750000	7950000	903000000	1355500000	2850000	50000	19500000	1000000	0.6700
ijk_ikj_1050_350	664	686750000	5125000	886750000	1217500000	1875000	50000	19250000	1050000	0.6937
ijk_ikj_1050_525	689	785250000	4325000	1042750000	1092250000	725000	200000	9850000	900000	0.8613
ijk_ikj_1050_1050	497	555750000	2200000	746250000	817750000	75000	325000	3650000	600000	0.6987
ijk_ikj_1100_50	503	690250000	1975000	744500000	1330000000	10225000	250000	1650000	950000	0.7507
ijk_ikj_1100_55	831	1209500000	3000000	1231500000	2267500000	12375000	325000	4000000	1550000	0.8853
ijk_ikj_1100_100	581	696250000	4550000	848750000	1648750000	6825000	150000	3850000	1100000	0.6510
ijk_ikj_1100_110	804	945000000	10600000	1170500000	1819000000	6550000	150000	7750000	1600000	0.8450
ijk_ikj_1100_220	601	662500000	8275000	854250000	1453500000	3100000	75000	14900000	700000	0.6790
ijk_ikj_1100_275	732	970500000	7225000	1033000000	1426500000	2450000	100000	17450000	1050000	0.8120
ijk_ikj_1100_550	836	865750000	5800000	1208000000	1506500000	900000	525000	20150000	1300000	0.8867
ijk_ikj_1100_1100	712	641500000	3275000	981250000	1311500000	100000	575000	18500000	1300000	0.7390
ijk_ikj_1150_50	839	1083000000	3575000	1215750000	2308750000	15100000	450000	5000000	1750000	0.8873
ijk_ikj_1150_115	910	1147500000	11650000	1301250000	1796250000	7250000	100000	8300000	1450000	1.0087
ijk_ikj_1150_230	734	872750000	8700000	1021250000	1516250000	3375000	100000	16750000	1100000	0.8823
ijk_ikj_1150_575	1100	1230500000	7125000	1666000000	1842250000	775000	700000	21050000	1400000	1.1607
ijk_ikj_1150_1150	940	994250000	4025000	1395000000	1641250000	75000	675000	19350000	2150000	0.9780
ijk_ikj_1200_50	959	1245250000	4400000	1416250000	2626250000	17100000	500000	5700000	1950000	1.0080
ijk_ikj_1200_60	739	882000000	3700000	1066000000	2098500000	12900000	325000	3950000	1600000	0.9250
ijk_ikj_1200_75	657	1009250000	3550000	974250000	1542000000	9125000	225000	2450000	1000000	1.0020
ijk_ikj_1200_80	760	897250000	4450000	1115500000	2103500000	11400000	300000	4600000	1450000	0.8037
ijk_ikj_1200_100	827	923000000	9375000	1171750000	2217750000	9625000	175000	6350000	1550000	0.8743
ijk_ikj_1200_120	963	918250000	20650000	1384750000	2040000000	8000000	250000	23500000	1550000	1.0110
ijk_ikj_1200_150	1012	1126250000	15025000	1384500000	2057500000	6750000	150000	30600000	1800000	1.0817
ijk_ikj_1200_200	841	835250000	12225000	1129750000	1781500000	5325000	175000	31450000	1500000	0.8863
ijk_ikj_1200_240	802	847500000	9750000	1127000000	1842500000	4250000	150000	25750000	1500000	0.8697
ijk_ikj_1200_300	649	725000000	7900000	904000000	1498750000	3025000	100000	16750000	1250000	0.8467
ijk_ikj_1200_400	727	677750000	6475000	1092750000	1301500000	1800000	175000	9800000	1100000	1.0353
ijk_ikj_1200_600	968	862250000	7700000	1384750000	1847750000	700000	1000000	26550000	1650000	1.0363
ijk_ikj_1200_1200	1065	872500000	4775000	1562250000	1784750000	50000	800000	27500000	6350000	1.1237
ijk_ikj_1250_50	905	1183750000	3575000	1309500000	2436000000	17350000	550000	7150000	2600000	1.1273
ijk_ikj_1250_125	1304	1542250000	19325000	1834000000	2481000000	9125000	225000	37100000	4600000	1.3683
ijk_ikj_1250_250	1057	1226000000	11775000	1468500000	2219750000	4975000	175000	40200000	2450000	1.1003
ijk_ikj_1250_625	1414	1541500000	9050000	2101500000	2286000000	700000	1300000	30250000	2150000	1.4807
ijk_ikj_1250_1250	1461	1328000000	5450000	2260750000	2186750000	50000	875000	30650000	9250000	1.5093
ijk_ikj_1300_50	1208	1519500000	4975000	1734500000	3257500000	22450000	650000	14650000	3050000	1.2703
ijk_ikj_1300_52	1174	1355750000	4775000	1724500000	3434500000	21275000	625000	6600000	2250000	1.2387
ijk_ikj_1300_65	1182	1722000000	4125000	1747250000	3009000000	17625000	450000	9850000	2900000	1.2643
ijk_ikj_1300_100	1010	1188000000	7925000	1465000000	2851500000	12225000	250000	14300000	2150000	1.0703
ijk_ikj_1300_130	1332	1468750000	22200000	1889250000	2722500000	9600000	225000	56200000	4500000	1.3807
ijk_ikj_1300_260	1059	1132250000	13075000	1465750000	2516750000	5475000	175000	48300000	2200000	1.0987
ijk_ikj_1300_325	1290	1684250000	11700000	1896000000	2577250000	4225000	300000	46650000	2400000	1.3810
ijk_ikj_1300_650	1357	1398500000	10100000	1988250000	2428250000	675000	1625000	32700000	1650000	1.4663
ijk_ikj_1300_1300	1231	835250000	3975000	1912750000	1531250000	75000	725000	24700000	15750000	1.8400
ijk_ikj_1350_50	785	1096750000	3475000	1156750000	2012750000	16825000	525000	3750000	2000000	1.4333
ijk_ikj_1350_54	819	1209500000	3450000	1233750000	2296750000	15800000	450000	6050000	3150000	1.5133
ijk_ikj_1350_75	850	1304000000	2775000	1274250000	1841500000	11825000	300000	2500000	1450000	1.4957
ijk_ikj_1350_90	671	1047250000	3875000	1009250000	1736500000	9950000	225000	2350000	1300000	1.2667
ijk_ikj_1350_135	996	1327500000	15025000	1495750000	1774750000	6875000	200000	2250000	1350000	1.7467
ijk_ikj_1350_150	895	1128750000	15250000	1336750000	1740750000	6225000	150000	2150000	950000	1.5690
ijk_ikj_1350_225	883	1224250000	11150000	1326750000	1517750000	4425000	150000	1950000	1150000	1.5630
ijk_ikj_1350_270	790	1042000000	9875000	1155500000	1569000000	3925000	150000	1200000	750000	1.3893
ijk_ikj_1350_450	1044	1098500000	8975000	1607000000	1577250000	1575000	775000	1350000	850000	1.7290
ijk_ikj_1350_675	1124	1300000000	7925000	1737250000	1558500000	375000	1175000	1200000	750000	1.8727
ijk_ikj_1350_1350	1487	1069250000	4400000	2207000000	1508500000	75000	775000	36150000	24500000	2.3143
ijk_ikj_1400_50	454	640250000	2175000	664750000	1163000000	9700000	275000	1500000	800000	1.5833
ijk_ikj_1400_56	372	451500000	2025000	532750000	890500000	8600000	225000	1850000	1050000	1.3527
ijk_ikj_1400_70	445	650500000	2300000	647750000	1175000000	6875000	175000	1350000	650000	1.5747
ijk_ikj_1400_100	368	479500000	3100000	539750000	976000000	5025000	100000	950000	600000	1.3377
ijk_ikj_1400_140	446	491250000	8850000	645000000	923500000	3725000	100000	750000	450000	1.5630
ijk_ikj_1400_175	541	726750000	7550000	782500000	949000000	3100000	75000	750000	450000	1.8253
ijk_ikj_1400_200	394	446500000	6900000	561750000	794500000	2825000	100000	650000	400000	1.4033
ijk_ikj_1400_280	377	459250000	5550000	554750000	818250000	2075000	100000	600000	450000	1.3423
ijk_ikj_1400_350	1061	1183750000	9450000	1570750000	2281500000	3275000	300000	34500000	850000	1.6717
ijk_ikj_1400_700	1069	904500000	7950000	1452250000	2115250000	400000	1575000	39300000	550000	1.6370
ijk_ikj_1400_1400	1620	929000000	4525000	2332000000	2014750000	50000	925000	59950000	35800000	2.4783
ijk_ikj_1450_50	1181	1463000000	4950000	1698250000	3343750000	20225000	575000	6850000	1950000	1.7730
ijk_ikj_1450_58	1093	1456250000	4200000	1662000000	3260750000	17575000	525000	6200000	1600000	1.6933
ijk_ikj_1450_145	1271	1553250000	18875000	1904250000	2600250000	8350000	225000	51850000	1050000	2.0840
ijk_ikj_1450_290	1047	1261000000	10950000	1526750000	2449500000	4625000	250000	46150000	1050000	1.6850
ijk_ikj_1450_725	1460	1622750000	9350000	2236750000	2625500000	375000	1700000	39850000	1000000	2.3180
ijk_ikj_1450_1450	1716	1289000000	5000000	2669750000	2255250000	75000	1000000	69300000	49550000	2.8450
ijk_ikj_1500_50	1267	1610500000	5200000	1895000000	3670250000	22675000	725000	7650000	2000000	1.9447
ijk_ikj_1500_60	1202	1382000000	4325000	1764000000	3637250000	19225000	525000	6750000	1800000	1.8010
ijk_ikj_1500_75	1300	1844250000	4700000	1896250000	3436000000	15775000	400000	6100000	1550000	1.9617
ijk_ikj_1500_100	1101	1263750000	8950000	1628500000	3256000000	12225000	300000	8100000	1300000	1.6447
ijk_ikj_1500_125	1563	1823500000	23225000	2211750000	3166000000	10300000	300000	44950000	1500000	2.3820
ijk_ikj_1500_150	1398	1397500000	18625000	1757000000	2728250000	9525000	225000	63050000	1500000	2.1000
ijk_ikj_1500_250	1783	2116250000	20675000	2461500000	3824000000	8775000	250000	52850000	2000000	1.8573
ijk_ikj_1500_300	1337	1531000000	16375000	1927500000	3235500000	6250000	275000	29850000	2000000	1.6643
ijk_ikj_1500_375	1567	1758000000	12175000	2330500000	2166000000	3575000	675000	3550000	2150000	2.5867
ijk_ikj_1500_500	1245	1175750000	12975000	1949000000	2134250000	1325000	1925000	6750000	3250000	2.1490
ijk_ikj_1500_750	1354	1459750000	10550000	2047500000	2103250000	450000	1825000	2900000	1800000	2.2627
ijk_ikj_1500_1500	1929	1112750000	5025000	2773250000	1985000000	75000	1200000	75650000	66300000	3.0163
