Function / Call Stack,INST_RETIRED.ANY,CPU_CLK_UNHALTED.THREAD,CPU_CLK_UNHALTED.REF_TSC,DTLB_LOAD_MISSES.MISS_CAUSES_A_WALK,ITLB_MISSES.MISS_CAUSES_A_WALK,MEM_LOAD_RETIRED.L1_HIT_PS,MEM_LOAD_RETIRED.L1_MISS_PS,MEM_LOAD_RETIRED.L2_HIT_PS,MEM_LOAD_RETIRED.L2_MISS_PS,MEM_LOAD_RETIRED.L3_HIT_PS,MEM_LOAD_RETIRED.L3_MISS_PS,time
ijk_ikj_1500_10,27361400000.0000,7640600000.0000,6313200000.0000,14220000.0000,20000.0000,7415340000.0000,51940000.0000,6775000.0000,46610000.0000,45940000.0000,510000.0000,0.5446
ijk_ikj_1450_10,24714800000.0000,6819400000.0000,5631200000.0000,10640000.0000,20000.0000,6705540000.0000,47100000.0000,7060000.0000,41300000.0000,40915000.0000,340000.0000,0.4927
ijk_ikj_1500_15,23927800000.0000,6438800000.0000,5326600000.0000,7440000.0000,0.0000,7334300000.0000,25360000.0000,1625000.0000,23800000.0000,23050000.0000,710000.0000,0.4801
ijk_ikj_1500_12,22696400000.0000,6411400000.0000,5298200000.0000,10280000.0000,20000.0000,6782100000.0000,33580000.0000,1645000.0000,31955000.0000,31385000.0000,410000.0000,0.4754
ijk_ikj_1400_10,22248600000.0000,6535200000.0000,5368400000.0000,8940000.0000,20000.0000,6067400000.0000,42080000.0000,6575000.0000,36085000.0000,35635000.0000,370000.0000,0.4444
ijk_ikj_1500_25,20091200000.0000,5674400000.0000,4689600000.0000,3800000.0000,20000.0000,6784860000.0000,17580000.0000,5120000.0000,10830000.0000,9755000.0000,925000.0000,0.4159
ijk_ikj_1350_10,19947600000.0000,5701400000.0000,4705000000.0000,6820000.0000,20000.0000,5420780000.0000,38180000.0000,6610000.0000,32320000.0000,31970000.0000,295000.0000,0.3925
ijk_ikj_1500_20,19915400000.0000,5765400000.0000,4769600000.0000,4840000.0000,0.0000,6716240000.0000,19060000.0000,2910000.0000,15340000.0000,14545000.0000,745000.0000,0.4199
ijk_ikj_1500_30,19654000000.0000,5612000000.0000,4643800000.0000,2700000.0000,0.0000,6845500000.0000,16500000.0000,7400000.0000,7630000.0000,6530000.0000,930000.0000,0.4265
ijk_ikj_1400_14,19493400000.0000,5336600000.0000,4405000000.0000,5040000.0000,20000.0000,5840460000.0000,22300000.0000,1530000.0000,20925000.0000,20600000.0000,320000.0000,0.3892
ijk_ikj_1500_50,18191800000.0000,5360200000.0000,4433000000.0000,1120000.0000,0.0000,6678960000.0000,12580000.0000,7785000.0000,3315000.0000,2480000.0000,685000.0000,0.3928
ijk_ikj_1450_25,18149200000.0000,5104800000.0000,4216800000.0000,3180000.0000,0.0000,6143700000.0000,16340000.0000,5250000.0000,9755000.0000,8860000.0000,745000.0000,0.3860
ijk_ikj_1300_10,17812000000.0000,5017000000.0000,4139400000.0000,5260000.0000,0.0000,4850800000.0000,34120000.0000,6525000.0000,28280000.0000,27980000.0000,250000.0000,0.3487
ijk_ikj_1450_29,17631800000.0000,4917400000.0000,4064400000.0000,2540000.0000,20000.0000,6155340000.0000,16180000.0000,7140000.0000,7455000.0000,6585000.0000,720000.0000,0.4069
ijk_ikj_1500_75,17569200000.0000,5406400000.0000,4466200000.0000,620000.0000,0.0000,6456620000.0000,57640000.0000,50445000.0000,3095000.0000,2370000.0000,535000.0000,0.4009
ijk_ikj_1350_15,17443000000.0000,4822400000.0000,3983800000.0000,3900000.0000,40000.0000,5375480000.0000,19340000.0000,1885000.0000,17460000.0000,17040000.0000,385000.0000,0.3389
ijk_ikj_1500_60,17294400000.0000,5268800000.0000,4358600000.0000,800000.0000,0.0000,6589120000.0000,16400000.0000,12740000.0000,2890000.0000,2070000.0000,640000.0000,0.4061
ijk_ikj_1500_125,16833600000.0000,5730800000.0000,4732000000.0000,340000.0000,20000.0000,5921860000.0000,128220000.0000,119100000.0000,8870000.0000,8340000.0000,385000.0000,0.4012
ijk_ikj_1500_100,16790000000.0000,5639400000.0000,4662000000.0000,480000.0000,0.0000,5763080000.0000,132640000.0000,132010000.0000,4315000.0000,3755000.0000,450000.0000,0.4270
ijk_ikj_1500_150,16750000000.0000,5851000000.0000,4819600000.0000,240000.0000,0.0000,5859200000.0000,113740000.0000,103765000.0000,12525000.0000,12035000.0000,430000.0000,0.4703
ijk_ikj_1500_250,16465400000.0000,5756200000.0000,4703800000.0000,320000.0000,0.0000,5866840000.0000,109320000.0000,83535000.0000,26665000.0000,26255000.0000,290000.0000,0.5450
ijk_ikj_1450_50,16430800000.0000,4685000000.0000,3877400000.0000,880000.0000,0.0000,6094020000.0000,10860000.0000,6850000.0000,3025000.0000,2455000.0000,455000.0000,0.3747
ijk_ikj_1500_375,16343600000.0000,5597200000.0000,4617000000.0000,240000.0000,20000.0000,5948380000.0000,107100000.0000,88165000.0000,19890000.0000,19560000.0000,210000.0000,0.4410
ijk_ikj_1400_25,16334600000.0000,4625600000.0000,3821600000.0000,2340000.0000,0.0000,5484080000.0000,14740000.0000,4715000.0000,8855000.0000,8090000.0000,580000.0000,0.3282
ijk_ikj_1500_300,16287800000.0000,5758800000.0000,4714000000.0000,140000.0000,0.0000,5913500000.0000,99740000.0000,78675000.0000,22225000.0000,21910000.0000,285000.0000,0.6494
ijk_ikj_1400_20,16190800000.0000,4824000000.0000,3980400000.0000,3240000.0000,0.0000,5441080000.0000,16520000.0000,3285000.0000,12620000.0000,12020000.0000,500000.0000,0.3362
ijk_ikj_1450_58,16162400000.0000,4726400000.0000,3904600000.0000,780000.0000,0.0000,6005520000.0000,13620000.0000,10890000.0000,2590000.0000,2065000.0000,440000.0000,0.3798
ijk_ikj_1350_18,16145600000.0000,4463200000.0000,3687000000.0000,2920000.0000,0.0000,5167440000.0000,15920000.0000,1920000.0000,13340000.0000,12910000.0000,330000.0000,0.3160
ijk_ikj_1250_10,15833800000.0000,4476600000.0000,3694400000.0000,3200000.0000,20000.0000,4295040000.0000,30080000.0000,6145000.0000,24765000.0000,24505000.0000,170000.0000,0.3142
ijk_ikj_1400_35,15728800000.0000,4490400000.0000,3711400000.0000,1340000.0000,40000.0000,5594640000.0000,13240000.0000,7685000.0000,5235000.0000,4480000.0000,630000.0000,0.3270
ijk_ikj_1300_13,15642600000.0000,4353600000.0000,3595400000.0000,3460000.0000,0.0000,4634660000.0000,21560000.0000,1095000.0000,19610000.0000,19330000.0000,250000.0000,0.2966
ijk_ikj_1400_28,15262800000.0000,4513600000.0000,3731000000.0000,2080000.0000,20000.0000,5436220000.0000,13960000.0000,5460000.0000,7110000.0000,6430000.0000,575000.0000,0.3210
ijk_ikj_1450_145,15105200000.0000,5048200000.0000,4156600000.0000,360000.0000,0.0000,5321980000.0000,109860000.0000,101950000.0000,8770000.0000,8295000.0000,355000.0000,0.4348
ijk_ikj_1350_27,14832000000.0000,4320600000.0000,3557600000.0000,1720000.0000,40000.0000,5144660000.0000,13580000.0000,5570000.0000,6755000.0000,6205000.0000,480000.0000,0.3021
ijk_ikj_1450_290,14820000000.0000,5131000000.0000,4200800000.0000,100000.0000,20000.0000,5321700000.0000,97200000.0000,76230000.0000,22045000.0000,21800000.0000,250000.0000,0.5698
ijk_ikj_1400_50,14791200000.0000,4338400000.0000,3586200000.0000,780000.0000,0.0000,5500560000.0000,10460000.0000,6365000.0000,2745000.0000,2195000.0000,540000.0000,0.2987
ijk_ikj_1350_25,14647200000.0000,4235600000.0000,3488800000.0000,2120000.0000,0.0000,4935260000.0000,13560000.0000,4755000.0000,7790000.0000,7180000.0000,470000.0000,0.2952
ijk_ikj_1400_40,14582600000.0000,4397000000.0000,3633600000.0000,1040000.0000,0.0000,5383760000.0000,10300000.0000,6250000.0000,3800000.0000,3110000.0000,595000.0000,0.3092
ijk_ikj_1350_30,14327800000.0000,4185200000.0000,3446800000.0000,1460000.0000,20000.0000,5000580000.0000,12120000.0000,5760000.0000,5435000.0000,4850000.0000,485000.0000,0.2960
ijk_ikj_1400_70,14284200000.0000,4391000000.0000,3626400000.0000,600000.0000,20000.0000,5450100000.0000,26620000.0000,20005000.0000,2230000.0000,1670000.0000,420000.0000,0.3029
ijk_ikj_1400_56,14135000000.0000,4218400000.0000,3480600000.0000,680000.0000,0.0000,5490200000.0000,10880000.0000,6920000.0000,2290000.0000,1830000.0000,400000.0000,0.3477
ijk_ikj_1200_10,14009400000.0000,3834600000.0000,3168200000.0000,1780000.0000,0.0000,3821480000.0000,26080000.0000,6040000.0000,20550000.0000,20390000.0000,120000.0000,0.2712
ijk_ikj_1400_100,13649800000.0000,4492400000.0000,3715800000.0000,400000.0000,0.0000,4716700000.0000,110660000.0000,108890000.0000,2490000.0000,2050000.0000,350000.0000,0.3754
ijk_ikj_1400_175,13572400000.0000,4605400000.0000,3810200000.0000,160000.0000,0.0000,4768460000.0000,94360000.0000,80445000.0000,15740000.0000,15385000.0000,290000.0000,0.3457
ijk_ikj_1400_140,13474800000.0000,4845800000.0000,3998000000.0000,240000.0000,0.0000,4833380000.0000,96660000.0000,87245000.0000,7525000.0000,7090000.0000,325000.0000,0.3937
ijk_ikj_1400_200,13344400000.0000,4699400000.0000,3866800000.0000,200000.0000,0.0000,4635820000.0000,86460000.0000,72250000.0000,19110000.0000,18760000.0000,245000.0000,0.3955
ijk_ikj_1350_45,13316000000.0000,4022400000.0000,3318200000.0000,820000.0000,0.0000,4897120000.0000,11120000.0000,7410000.0000,3045000.0000,2350000.0000,535000.0000,0.2790
ijk_ikj_1400_350,13287800000.0000,4680200000.0000,3859400000.0000,180000.0000,20000.0000,4827840000.0000,80460000.0000,65970000.0000,16315000.0000,16125000.0000,145000.0000,0.3339
ijk_ikj_1350_50,13262200000.0000,3947000000.0000,3261400000.0000,740000.0000,0.0000,4933100000.0000,10480000.0000,7650000.0000,2480000.0000,1980000.0000,375000.0000,0.2947
ijk_ikj_1400_280,13258800000.0000,4552000000.0000,3731400000.0000,180000.0000,0.0000,4758140000.0000,86020000.0000,67510000.0000,19735000.0000,19500000.0000,205000.0000,0.5120
ijk_ikj_1300_26,13164600000.0000,3801000000.0000,3137400000.0000,1460000.0000,20000.0000,4475220000.0000,10660000.0000,3425000.0000,6285000.0000,5860000.0000,350000.0000,0.2612
ijk_ikj_1350_54,13141800000.0000,3897800000.0000,3216200000.0000,680000.0000,0.0000,4880180000.0000,10800000.0000,9500000.0000,2235000.0000,1840000.0000,360000.0000,0.2924
ijk_ikj_1300_25,13078800000.0000,3708800000.0000,3065000000.0000,1680000.0000,40000.0000,4426640000.0000,11500000.0000,3765000.0000,6795000.0000,6390000.0000,395000.0000,0.2717
ijk_ikj_1300_20,12962800000.0000,3743600000.0000,3092800000.0000,2020000.0000,0.0000,4327980000.0000,12420000.0000,1960000.0000,9985000.0000,9635000.0000,260000.0000,0.2643
ijk_ikj_1350_75,12808400000.0000,4046400000.0000,3339200000.0000,360000.0000,0.0000,4602840000.0000,47260000.0000,44550000.0000,2100000.0000,1670000.0000,365000.0000,0.3046
ijk_ikj_1350_90,12558400000.0000,4170400000.0000,3445000000.0000,380000.0000,0.0000,4314640000.0000,96100000.0000,95895000.0000,2145000.0000,1705000.0000,320000.0000,0.3297
ijk_ikj_1150_10,12328800000.0000,3396400000.0000,2805800000.0000,1500000.0000,20000.0000,3383720000.0000,23880000.0000,6030000.0000,17760000.0000,17580000.0000,105000.0000,0.2353
ijk_ikj_1350_135,12311200000.0000,4432000000.0000,3649800000.0000,240000.0000,0.0000,4358000000.0000,80000000.0000,75110000.0000,6435000.0000,6090000.0000,295000.0000,0.3809
ijk_ikj_1200_15,12250200000.0000,3376200000.0000,2788400000.0000,1240000.0000,40000.0000,3840200000.0000,13840000.0000,1445000.0000,11680000.0000,11585000.0000,175000.0000,0.2292
ijk_ikj_1350_150,12211400000.0000,4211800000.0000,3469200000.0000,220000.0000,20000.0000,4250600000.0000,84940000.0000,79245000.0000,8700000.0000,8385000.0000,320000.0000,0.3845
ijk_ikj_1350_225,12016000000.0000,4379800000.0000,3588600000.0000,160000.0000,20000.0000,4345520000.0000,70880000.0000,51050000.0000,19650000.0000,19340000.0000,230000.0000,0.3899
ijk_ikj_1350_270,11981000000.0000,4232400000.0000,3464200000.0000,160000.0000,0.0000,4208180000.0000,76500000.0000,61900000.0000,19100000.0000,18835000.0000,220000.0000,0.4576
ijk_1500,11872200000.0000,18028000000.0000,14898800000.0000,802100000.0000,60000.0000,3355440000.0000,3362620000.0000,2730740000.0000,634975000.0000,583940000.0000,25525000.0000,1.6941
ijk_ikj_1300_50,11840200000.0000,3419400000.0000,2824400000.0000,640000.0000,0.0000,4386880000.0000,8200000.0000,5360000.0000,2175000.0000,1770000.0000,330000.0000,0.2585
ijk_ikj_1250_25,11627600000.0000,3291200000.0000,2721400000.0000,1180000.0000,0.0000,3894400000.0000,11120000.0000,4315000.0000,6045000.0000,5745000.0000,260000.0000,0.2337
ijk_ikj_1200_12,11620600000.0000,3237600000.0000,2674800000.0000,1300000.0000,0.0000,3518100000.0000,17260000.0000,1430000.0000,15260000.0000,15135000.0000,105000.0000,0.2369
ijk_ikj_1300_65,11440400000.0000,3540200000.0000,2925600000.0000,560000.0000,40000.0000,4235100000.0000,18560000.0000,14555000.0000,1955000.0000,1560000.0000,305000.0000,0.2556
ijk_ikj_1300_52,11385600000.0000,3446800000.0000,2848600000.0000,480000.0000,0.0000,4377160000.0000,9920000.0000,6940000.0000,2165000.0000,1785000.0000,295000.0000,0.2585
ijk_ikj_1300_130,10975400000.0000,3766400000.0000,3109600000.0000,280000.0000,0.0000,3799640000.0000,79420000.0000,77495000.0000,4880000.0000,4550000.0000,265000.0000,0.3081
ijk_ikj_1300_100,10930800000.0000,3720400000.0000,3072800000.0000,240000.0000,0.0000,3752560000.0000,86340000.0000,86295000.0000,2430000.0000,2025000.0000,265000.0000,0.3605
ijk_ikj_1100_10,10790400000.0000,2891200000.0000,2390200000.0000,920000.0000,0.0000,2960700000.0000,21120000.0000,6065000.0000,15045000.0000,14985000.0000,75000.0000,0.2100
ijk_ikj_1200_16,10720200000.0000,2950200000.0000,2439000000.0000,980000.0000,0.0000,3378820000.0000,13300000.0000,1495000.0000,12150000.0000,11940000.0000,175000.0000,0.2073
ijk_1450,10716200000.0000,17181200000.0000,14185200000.0000,637340000.0000,0.0000,3013400000.0000,3024000000.0000,2529710000.0000,529410000.0000,486040000.0000,20030000.0000,1.2190
ijk_ikj_1300_325,10638800000.0000,3748200000.0000,3094600000.0000,100000.0000,0.0000,3807540000.0000,65180000.0000,53290000.0000,14415000.0000,14245000.0000,130000.0000,0.2669
ijk_ikj_1100_11,10633000000.0000,3037000000.0000,2512600000.0000,900000.0000,0.0000,3027060000.0000,16620000.0000,1235000.0000,15490000.0000,15455000.0000,50000.0000,0.2122
ijk_ikj_1300_260,10627200000.0000,3739000000.0000,3067200000.0000,220000.0000,0.0000,3798420000.0000,70520000.0000,54300000.0000,17625000.0000,17400000.0000,220000.0000,0.4068
ijk_ikj_1250_50,10528600000.0000,3104800000.0000,2563800000.0000,500000.0000,0.0000,3948960000.0000,8500000.0000,5750000.0000,1940000.0000,1655000.0000,200000.0000,0.2348
ijk_ikj_1200_25,10286600000.0000,2910200000.0000,2403600000.0000,880000.0000,0.0000,3423660000.0000,9400000.0000,3525000.0000,5420000.0000,5135000.0000,245000.0000,0.2002
ijk_ikj_1200_20,10195200000.0000,2913600000.0000,2404600000.0000,780000.0000,0.0000,3387280000.0000,9600000.0000,1960000.0000,7670000.0000,7485000.0000,145000.0000,0.2107
ijk_ikj_1200_30,10064000000.0000,2816800000.0000,2328400000.0000,620000.0000,20000.0000,3534140000.0000,8260000.0000,3705000.0000,3685000.0000,3490000.0000,165000.0000,0.1950
ijk_ikj_1200_24,9853200000.0000,2847200000.0000,2353200000.0000,800000.0000,0.0000,3432380000.0000,7800000.0000,2125000.0000,4875000.0000,4765000.0000,160000.0000,0.1988
ijk_ikj_1250_125,9742000000.0000,3263000000.0000,2694400000.0000,200000.0000,0.0000,3385600000.0000,74220000.0000,71280000.0000,4025000.0000,3735000.0000,240000.0000,0.2737
ijk_1400,9652200000.0000,13721800000.0000,11336400000.0000,360160000.0000,20000.0000,2703120000.0000,2726480000.0000,2370940000.0000,384880000.0000,341090000.0000,18895000.0000,0.9971
ijk_ikj_1250_250,9530600000.0000,3306800000.0000,2716000000.0000,180000.0000,0.0000,3383940000.0000,63220000.0000,47995000.0000,16310000.0000,16190000.0000,160000.0000,0.3662
ijk_ikj_1150_23,9514000000.0000,2631200000.0000,2172200000.0000,540000.0000,0.0000,3208280000.0000,8420000.0000,2550000.0000,5280000.0000,5155000.0000,120000.0000,0.1968
ijk_ikj_1050_10,9384600000.0000,2482000000.0000,2054200000.0000,460000.0000,0.0000,2713140000.0000,20140000.0000,7145000.0000,10865000.0000,10785000.0000,75000.0000,0.1819
ijk_ikj_1200_50,9313600000.0000,2741600000.0000,2263400000.0000,420000.0000,20000.0000,3508900000.0000,7260000.0000,4880000.0000,1715000.0000,1420000.0000,210000.0000,0.1899
ijk_ikj_1200_40,9183800000.0000,2688400000.0000,2216800000.0000,480000.0000,0.0000,3407180000.0000,6480000.0000,3790000.0000,2305000.0000,2060000.0000,170000.0000,0.1930
ijk_ikj_1150_25,9053600000.0000,2574200000.0000,2123400000.0000,480000.0000,20000.0000,3052560000.0000,8760000.0000,3625000.0000,4665000.0000,4440000.0000,180000.0000,0.1813
ijk_ikj_1200_48,9018600000.0000,2678800000.0000,2212800000.0000,400000.0000,0.0000,3440720000.0000,7820000.0000,5315000.0000,2015000.0000,1765000.0000,225000.0000,0.2067
ijk_ikj_1200_75,8996000000.0000,2866400000.0000,2366400000.0000,280000.0000,0.0000,3304420000.0000,32500000.0000,28945000.0000,1500000.0000,1220000.0000,205000.0000,0.1975
ijk_ikj_1200_60,8854200000.0000,2684000000.0000,2212000000.0000,280000.0000,0.0000,3402020000.0000,9620000.0000,7345000.0000,1455000.0000,1170000.0000,165000.0000,0.1866
ijk_ikj_1200_80,8691800000.0000,2860800000.0000,2359400000.0000,240000.0000,0.0000,3109460000.0000,50500000.0000,48265000.0000,1460000.0000,1175000.0000,225000.0000,0.2313
ijk_1350,8651800000.0000,13303200000.0000,10987600000.0000,295080000.0000,20000.0000,2414220000.0000,2425920000.0000,2157380000.0000,327910000.0000,297025000.0000,13100000.0000,0.9561
ijk_ikj_1200_100,8594600000.0000,2934200000.0000,2422400000.0000,180000.0000,0.0000,2982260000.0000,68640000.0000,67930000.0000,1630000.0000,1435000.0000,190000.0000,0.1981
ijk_ikj_1200_150,8575200000.0000,2916600000.0000,2407800000.0000,100000.0000,0.0000,2976500000.0000,60780000.0000,58290000.0000,5200000.0000,4985000.0000,140000.0000,0.2095
ijk_ikj_1200_120,8531800000.0000,2872200000.0000,2374400000.0000,140000.0000,20000.0000,2858020000.0000,60100000.0000,64115000.0000,2300000.0000,2040000.0000,220000.0000,0.2399
ijk_ikj_1200_200,8404200000.0000,2980000000.0000,2455800000.0000,80000.0000,0.0000,2991040000.0000,55880000.0000,44665000.0000,11745000.0000,11535000.0000,170000.0000,0.2730
ijk_ikj_1200_240,8373200000.0000,3012600000.0000,2476600000.0000,120000.0000,0.0000,2980100000.0000,57540000.0000,44000000.0000,14770000.0000,14630000.0000,140000.0000,0.3232
ijk_ikj_1200_300,8339200000.0000,3076800000.0000,2529400000.0000,120000.0000,0.0000,2990260000.0000,51760000.0000,42070000.0000,11000000.0000,10885000.0000,125000.0000,0.2103
ijk_ikj_1100_22,8285000000.0000,2384200000.0000,1970000000.0000,340000.0000,20000.0000,2759400000.0000,6780000.0000,1445000.0000,4830000.0000,4605000.0000,165000.0000,0.1708
ijk_ikj_1150_46,8280200000.0000,2351000000.0000,1941800000.0000,200000.0000,0.0000,3038460000.0000,5420000.0000,3395000.0000,1625000.0000,1520000.0000,145000.0000,0.1838
ijk_ikj_1050_14,8222400000.0000,2128600000.0000,1763600000.0000,320000.0000,0.0000,2452060000.0000,9660000.0000,1795000.0000,7980000.0000,7965000.0000,55000.0000,0.1585
ijk_ikj_1050_15,8207200000.0000,2133800000.0000,1762800000.0000,340000.0000,0.0000,2519880000.0000,9320000.0000,1865000.0000,7500000.0000,7480000.0000,40000.0000,0.1557
ijk_ikj_1150_50,8196200000.0000,2386200000.0000,1971600000.0000,260000.0000,0.0000,3080560000.0000,5960000.0000,3715000.0000,1435000.0000,1315000.0000,135000.0000,0.1671
ijk_ikj_1000_10,8107400000.0000,2200400000.0000,1816600000.0000,380000.0000,0.0000,2239960000.0000,16160000.0000,6010000.0000,9925000.0000,9830000.0000,55000.0000,0.1582
ijk_ikj_1100_25,7924600000.0000,2281000000.0000,1888200000.0000,480000.0000,0.0000,2680200000.0000,7420000.0000,2345000.0000,4130000.0000,3900000.0000,160000.0000,0.1535
ijk_ikj_1100_20,7853800000.0000,2200800000.0000,1819000000.0000,380000.0000,20000.0000,2620220000.0000,7300000.0000,1290000.0000,5850000.0000,5775000.0000,65000.0000,0.1567
ijk_1300,7727200000.0000,11140200000.0000,9203800000.0000,278480000.0000,20000.0000,2190000000.0000,2204100000.0000,1890485000.0000,292510000.0000,268305000.0000,10580000.0000,0.8075
ijk_ikj_1150_115,7677200000.0000,2508600000.0000,2075600000.0000,140000.0000,0.0000,2652940000.0000,60100000.0000,58950000.0000,2445000.0000,2195000.0000,155000.0000,0.2130
ijk_ikj_1150_230,7437800000.0000,2589800000.0000,2133800000.0000,100000.0000,0.0000,2629800000.0000,49600000.0000,37860000.0000,12465000.0000,12390000.0000,125000.0000,0.2880
ijk_ikj_1100_50,7173000000.0000,2121000000.0000,1751400000.0000,160000.0000,0.0000,2665360000.0000,5480000.0000,3625000.0000,1300000.0000,1165000.0000,145000.0000,0.1564
ijk_ikj_1050_21,7165200000.0000,1975400000.0000,1632600000.0000,220000.0000,0.0000,2378500000.0000,7560000.0000,2285000.0000,4715000.0000,4685000.0000,65000.0000,0.1536
ijk_ikj_1100_55,7151200000.0000,2032200000.0000,1679600000.0000,100000.0000,0.0000,2658680000.0000,5600000.0000,4245000.0000,1345000.0000,1175000.0000,90000.0000,0.1464
ijk_ikj_1100_44,7003800000.0000,2069400000.0000,1713600000.0000,260000.0000,20000.0000,2632600000.0000,5140000.0000,3310000.0000,1665000.0000,1500000.0000,135000.0000,0.1569
ijk_ikj_950_10,6951200000.0000,1864800000.0000,1540000000.0000,380000.0000,0.0000,1883840000.0000,13540000.0000,5570000.0000,8275000.0000,8260000.0000,35000.0000,0.1338
ijk_ikj_1050_25,6891800000.0000,1917400000.0000,1585400000.0000,220000.0000,0.0000,2332380000.0000,6820000.0000,2855000.0000,3495000.0000,3390000.0000,95000.0000,0.1397
ijk_1250,6867200000.0000,10234400000.0000,8455200000.0000,46120000.0000,0.0000,1915060000.0000,1919460000.0000,1768515000.0000,207535000.0000,188910000.0000,7900000.0000,0.7250
ijk_ikj_1050_30,6739600000.0000,1820200000.0000,1505600000.0000,160000.0000,20000.0000,2294640000.0000,5380000.0000,2770000.0000,2470000.0000,2455000.0000,65000.0000,0.1372
ijk_ikj_1100_110,6707800000.0000,2263800000.0000,1867800000.0000,200000.0000,0.0000,2388600000.0000,53160000.0000,49410000.0000,1690000.0000,1490000.0000,135000.0000,0.1867
ijk_ikj_1050_35,6634400000.0000,1828400000.0000,1512200000.0000,220000.0000,0.0000,2325600000.0000,5560000.0000,3255000.0000,2065000.0000,1955000.0000,90000.0000,0.1351
ijk_ikj_1100_100,6620600000.0000,2209800000.0000,1826400000.0000,160000.0000,0.0000,2352120000.0000,54820000.0000,51150000.0000,1235000.0000,1065000.0000,145000.0000,0.1696
ijk_ikj_1100_275,6489200000.0000,2303200000.0000,1899200000.0000,80000.0000,0.0000,2368940000.0000,43300000.0000,32160000.0000,10225000.0000,10095000.0000,100000.0000,0.1577
ijk_ikj_1100_220,6458800000.0000,2248200000.0000,1855600000.0000,40000.0000,20000.0000,2344560000.0000,45120000.0000,33045000.0000,10510000.0000,10350000.0000,155000.0000,0.2616
ijk_ikj_1050_42,6381600000.0000,1759400000.0000,1456600000.0000,240000.0000,0.0000,2402440000.0000,4440000.0000,2550000.0000,1415000.0000,1325000.0000,75000.0000,0.1369
ijk_ikj_1050_50,6237800000.0000,1756000000.0000,1452800000.0000,140000.0000,0.0000,2295240000.0000,4800000.0000,3285000.0000,1190000.0000,1070000.0000,85000.0000,0.1385
ijk_1200,6078600000.0000,8104000000.0000,6680200000.0000,24600000.0000,0.0000,1688480000.0000,1716420000.0000,1575665000.0000,165610000.0000,145955000.0000,7755000.0000,0.5923
ijk_ikj_1050_70,6027400000.0000,1796200000.0000,1488800000.0000,80000.0000,0.0000,2239620000.0000,13480000.0000,10550000.0000,920000.0000,800000.0000,50000.0000,0.1379
ijk_ikj_1050_75,6026600000.0000,1815800000.0000,1502000000.0000,40000.0000,0.0000,2290260000.0000,20500000.0000,16245000.0000,1010000.0000,915000.0000,95000.0000,0.1487
ijk_ikj_1000_25,5952000000.0000,1613200000.0000,1335400000.0000,100000.0000,0.0000,2075780000.0000,5520000.0000,1885000.0000,2930000.0000,2900000.0000,40000.0000,0.1246
ijk_ikj_900_10,5910800000.0000,1538800000.0000,1274000000.0000,180000.0000,0.0000,1618900000.0000,11700000.0000,5185000.0000,6485000.0000,6490000.0000,25000.0000,0.1182
ijk_ikj_1000_20,5899600000.0000,1614200000.0000,1338400000.0000,180000.0000,0.0000,2036640000.0000,5940000.0000,1145000.0000,4160000.0000,4135000.0000,20000.0000,0.1276
ijk_ikj_1050_105,5825600000.0000,1884800000.0000,1558400000.0000,80000.0000,0.0000,1968680000.0000,46360000.0000,46540000.0000,1865000.0000,1710000.0000,100000.0000,0.1628
ijk_ikj_1050_150,5745800000.0000,1913200000.0000,1579600000.0000,60000.0000,0.0000,1984220000.0000,39680000.0000,38435000.0000,3545000.0000,3405000.0000,105000.0000,0.1514
ijk_ikj_1050_175,5725800000.0000,1917000000.0000,1584200000.0000,40000.0000,0.0000,2022840000.0000,39540000.0000,33855000.0000,6090000.0000,5995000.0000,115000.0000,0.1806
ijk_ikj_1050_210,5676400000.0000,1946200000.0000,1606600000.0000,40000.0000,0.0000,1993580000.0000,38240000.0000,30415000.0000,8810000.0000,8675000.0000,110000.0000,0.2182
ijk_ikj_950_19,5643800000.0000,1524600000.0000,1259400000.0000,120000.0000,0.0000,1835720000.0000,5100000.0000,740000.0000,4205000.0000,4130000.0000,20000.0000,0.1209
ijk_ikj_1000_50,5389400000.0000,1492200000.0000,1233400000.0000,140000.0000,20000.0000,2128740000.0000,3860000.0000,2320000.0000,880000.0000,790000.0000,30000.0000,0.1195
ijk_1150,5350400000.0000,7921800000.0000,6541000000.0000,26720000.0000,0.0000,1502300000.0000,1505980000.0000,1401250000.0000,124850000.0000,113385000.0000,5055000.0000,0.5698
ijk_ikj_1000_40,5314000000.0000,1510200000.0000,1250000000.0000,80000.0000,0.0000,2056180000.0000,3600000.0000,1925000.0000,1205000.0000,1150000.0000,35000.0000,0.1266
ijk_ikj_900_15,5168400000.0000,1343600000.0000,1111000000.0000,100000.0000,0.0000,1610280000.0000,5600000.0000,810000.0000,4535000.0000,4530000.0000,30000.0000,0.1028
ijk_ikj_950_25,5102400000.0000,1481000000.0000,1221400000.0000,180000.0000,0.0000,1708980000.0000,4480000.0000,1625000.0000,2635000.0000,2615000.0000,60000.0000,0.1047
ijk_ikj_1000_125,4989200000.0000,1599600000.0000,1323800000.0000,0.0000,0.0000,1839280000.0000,40840000.0000,34995000.0000,1555000.0000,1400000.0000,95000.0000,0.1144
ijk_ikj_850_10,4978800000.0000,1337400000.0000,1106600000.0000,180000.0000,0.0000,1422760000.0000,10080000.0000,4495000.0000,4840000.0000,4820000.0000,5000.0000,0.0976
ikj_1500,4975200000.0000,2880600000.0000,2229000000.0000,1560000.0000,20000.0000,989880000.0000,123040000.0000,97345000.0000,27045000.0000,9065000.0000,17970000.0000,0.7647
ijk_ikj_1000_100,4972800000.0000,1618600000.0000,1341400000.0000,20000.0000,0.0000,1737940000.0000,40460000.0000,39230000.0000,925000.0000,830000.0000,85000.0000,0.1441
ijk_ikj_900_12,4903000000.0000,1364000000.0000,1129000000.0000,160000.0000,0.0000,1485760000.0000,7080000.0000,1330000.0000,5535000.0000,5500000.0000,10000.0000,0.0941
ijk_ikj_1000_250,4878600000.0000,1665200000.0000,1375000000.0000,100000.0000,0.0000,1817820000.0000,33880000.0000,23450000.0000,7685000.0000,7585000.0000,70000.0000,0.1241
ijk_ikj_1000_200,4864200000.0000,1665400000.0000,1377600000.0000,40000.0000,0.0000,1793720000.0000,33960000.0000,25200000.0000,6340000.0000,6240000.0000,80000.0000,0.1922
ijk_ikj_950_38,4796600000.0000,1286600000.0000,1064800000.0000,40000.0000,0.0000,1733700000.0000,3280000.0000,1840000.0000,1190000.0000,1145000.0000,40000.0000,0.1040
ijk_ikj_900_18,4783600000.0000,1255600000.0000,1039800000.0000,80000.0000,0.0000,1447660000.0000,4140000.0000,735000.0000,3755000.0000,3720000.0000,40000.0000,0.0936
ijk_1100,4682600000.0000,6322400000.0000,5220800000.0000,16460000.0000,0.0000,1309820000.0000,1317960000.0000,1222830000.0000,116485000.0000,109665000.0000,2845000.0000,0.4686
ijk_ikj_950_50,4622600000.0000,1327400000.0000,1098000000.0000,160000.0000,0.0000,1736340000.0000,3360000.0000,2085000.0000,855000.0000,775000.0000,30000.0000,0.0963
ikj_1450,4499800000.0000,2797800000.0000,2167800000.0000,2140000.0000,0.0000,918540000.0000,85220000.0000,68400000.0000,17760000.0000,6660000.0000,11080000.0000,0.7467
ijk_ikj_950_95,4380400000.0000,1407800000.0000,1165000000.0000,20000.0000,0.0000,1481240000.0000,33820000.0000,35220000.0000,750000.0000,680000.0000,50000.0000,0.1175
ijk_ikj_900_25,4340600000.0000,1198400000.0000,988600000.0000,100000.0000,0.0000,1485540000.0000,3940000.0000,1265000.0000,2170000.0000,2160000.0000,35000.0000,0.0904
ijk_ikj_900_20,4301000000.0000,1207400000.0000,997800000.0000,100000.0000,0.0000,1446960000.0000,4040000.0000,750000.0000,3060000.0000,3030000.0000,5000.0000,0.0963
ijk_ikj_900_30,4244400000.0000,1156200000.0000,956200000.0000,40000.0000,0.0000,1461340000.0000,3440000.0000,1510000.0000,1490000.0000,1455000.0000,10000.0000,0.0884
ijk_ikj_950_190,4216800000.0000,1426400000.0000,1180200000.0000,20000.0000,0.0000,1452380000.0000,28020000.0000,23710000.0000,6055000.0000,5970000.0000,75000.0000,0.1597
ijk_ikj_800_10,4151600000.0000,1101200000.0000,910600000.0000,100000.0000,0.0000,1123740000.0000,7580000.0000,4255000.0000,3595000.0000,3565000.0000,0.0000,0.0763
ijk_1050,4071400000.0000,5468200000.0000,4520000000.0000,12060000.0000,20000.0000,1137180000.0000,1144900000.0000,1092060000.0000,77130000.0000,72395000.0000,1770000.0000,0.3998
ikj_1400,4026000000.0000,2326400000.0000,1804000000.0000,1460000.0000,0.0000,793040000.0000,98720000.0000,80920000.0000,20790000.0000,7865000.0000,12960000.0000,0.6103
ijk_ikj_850_17,4014000000.0000,1097600000.0000,907600000.0000,120000.0000,0.0000,1245000000.0000,4360000.0000,875000.0000,3455000.0000,3460000.0000,20000.0000,0.0788
ijk_ikj_900_45,3945200000.0000,1124000000.0000,933000000.0000,60000.0000,0.0000,1433120000.0000,3080000.0000,2020000.0000,900000.0000,860000.0000,55000.0000,0.0790
ijk_ikj_900_50,3930200000.0000,1113600000.0000,920800000.0000,40000.0000,0.0000,1499700000.0000,2640000.0000,1730000.0000,695000.0000,630000.0000,35000.0000,0.0906
ijk_ikj_900_36,3920600000.0000,1158000000.0000,952000000.0000,100000.0000,0.0000,1390700000.0000,3000000.0000,1905000.0000,1215000.0000,1175000.0000,40000.0000,0.0905
ijk_ikj_900_75,3793800000.0000,1110600000.0000,919000000.0000,0.0000,0.0000,1415480000.0000,11520000.0000,9725000.0000,580000.0000,530000.0000,20000.0000,0.0827
ijk_ikj_900_60,3735200000.0000,1068000000.0000,883400000.0000,0.0000,0.0000,1444100000.0000,3180000.0000,2015000.0000,615000.0000,555000.0000,20000.0000,0.0900
ijk_ikj_900_90,3722000000.0000,1169600000.0000,969200000.0000,40000.0000,0.0000,1256920000.0000,26780000.0000,27775000.0000,550000.0000,465000.0000,65000.0000,0.1036
ijk_ikj_850_25,3656400000.0000,1021200000.0000,844600000.0000,20000.0000,0.0000,1240840000.0000,3360000.0000,1390000.0000,1860000.0000,1845000.0000,10000.0000,0.0758
ijk_ikj_900_100,3627000000.0000,1193400000.0000,985200000.0000,20000.0000,0.0000,1221200000.0000,27580000.0000,28645000.0000,895000.0000,825000.0000,45000.0000,0.1100
ijk_ikj_900_150,3617000000.0000,1222000000.0000,1008600000.0000,40000.0000,0.0000,1253220000.0000,24240000.0000,23535000.0000,2275000.0000,2195000.0000,90000.0000,0.1205
ikj_1350,3614800000.0000,2216400000.0000,1716600000.0000,1600000.0000,0.0000,751800000.0000,69100000.0000,53410000.0000,13830000.0000,6635000.0000,7215000.0000,0.5850
ijk_ikj_900_225,3559200000.0000,1279000000.0000,1051400000.0000,40000.0000,0.0000,1213500000.0000,22800000.0000,19185000.0000,5950000.0000,5895000.0000,65000.0000,0.0870
ijk_ikj_900_180,3555200000.0000,1203200000.0000,993600000.0000,0.0000,0.0000,1249220000.0000,24580000.0000,20930000.0000,4125000.0000,4050000.0000,55000.0000,0.1395
ijk_1000,3518000000.0000,4395000000.0000,3624400000.0000,10800000.0000,0.0000,997340000.0000,1005540000.0000,919070000.0000,74660000.0000,72305000.0000,860000.0000,0.3552
ijk_ikj_850_34,3497200000.0000,1022800000.0000,843600000.0000,40000.0000,0.0000,1259660000.0000,2760000.0000,1455000.0000,1010000.0000,985000.0000,40000.0000,0.0744
ijk_ikj_750_10,3420800000.0000,873400000.0000,724200000.0000,20000.0000,0.0000,963800000.0000,6680000.0000,3785000.0000,2640000.0000,2660000.0000,20000.0000,0.0666
ijk_ikj_850_50,3309800000.0000,909200000.0000,750800000.0000,60000.0000,0.0000,1239640000.0000,1940000.0000,1160000.0000,590000.0000,555000.0000,30000.0000,0.0762
ikj_1300,3205400000.0000,1764400000.0000,1369400000.0000,740000.0000,0.0000,638020000.0000,78460000.0000,62670000.0000,16020000.0000,8400000.0000,7620000.0000,0.4640
ijk_ikj_800_16,3176800000.0000,856800000.0000,707200000.0000,0.0000,0.0000,976120000.0000,3420000.0000,820000.0000,2990000.0000,2975000.0000,0.0000,0.0624
ijk_ikj_850_85,3131400000.0000,979600000.0000,810400000.0000,40000.0000,0.0000,1070040000.0000,21620000.0000,21710000.0000,525000.0000,470000.0000,30000.0000,0.0841
ijk_ikj_800_25,3048400000.0000,813000000.0000,674800000.0000,40000.0000,0.0000,1039920000.0000,2740000.0000,805000.0000,1525000.0000,1535000.0000,20000.0000,0.0665
ijk_ikj_850_170,3032600000.0000,1072200000.0000,887600000.0000,40000.0000,0.0000,1053240000.0000,19600000.0000,18355000.0000,2570000.0000,2495000.0000,60000.0000,0.1147
ijk_ikj_800_20,3021600000.0000,847800000.0000,700600000.0000,60000.0000,0.0000,1009680000.0000,2660000.0000,555000.0000,1960000.0000,1975000.0000,10000.0000,0.0590
ijk_950,3016000000.0000,3800800000.0000,3130800000.0000,11700000.0000,0.0000,848260000.0000,855360000.0000,804355000.0000,55490000.0000,54315000.0000,450000.0000,0.2831
ijk_ikj_750_15,2990800000.0000,754000000.0000,623600000.0000,40000.0000,0.0000,974080000.0000,3200000.0000,820000.0000,2050000.0000,2055000.0000,5000.0000,0.0576
ikj_1250,2847200000.0000,1649200000.0000,1281800000.0000,320000.0000,0.0000,564160000.0000,52960000.0000,45320000.0000,10345000.0000,6050000.0000,4295000.0000,0.4329
ijk_ikj_800_32,2795400000.0000,794400000.0000,654600000.0000,60000.0000,0.0000,1049200000.0000,2800000.0000,1325000.0000,1075000.0000,1050000.0000,25000.0000,0.0624
ijk_ikj_700_10,2781800000.0000,711400000.0000,590400000.0000,20000.0000,0.0000,784880000.0000,5480000.0000,3420000.0000,1865000.0000,1870000.0000,5000.0000,0.0547
ijk_ikj_800_50,2759800000.0000,750400000.0000,621400000.0000,20000.0000,0.0000,1011940000.0000,1460000.0000,960000.0000,470000.0000,480000.0000,30000.0000,0.0596
ijk_ikj_800_40,2720000000.0000,751000000.0000,621000000.0000,20000.0000,0.0000,981460000.0000,1740000.0000,1095000.0000,640000.0000,650000.0000,15000.0000,0.0571
ijk_ikj_800_80,2575600000.0000,779200000.0000,644400000.0000,20000.0000,0.0000,873920000.0000,13800000.0000,14345000.0000,445000.0000,370000.0000,25000.0000,0.0682
ijk_900,2566400000.0000,3034800000.0000,2507800000.0000,2760000.0000,0.0000,714500000.0000,715360000.0000,698005000.0000,40805000.0000,40155000.0000,255000.0000,0.2380
ijk_ikj_800_100,2546800000.0000,818800000.0000,677600000.0000,0.0000,0.0000,854320000.0000,19260000.0000,20570000.0000,450000.0000,470000.0000,40000.0000,0.0593
ijk_ikj_750_25,2511000000.0000,700600000.0000,579800000.0000,0.0000,0.0000,906400000.0000,2260000.0000,565000.0000,1170000.0000,1130000.0000,10000.0000,0.0539
ijk_ikj_800_160,2503400000.0000,856400000.0000,707200000.0000,20000.0000,0.0000,838860000.0000,17960000.0000,17710000.0000,2465000.0000,2405000.0000,30000.0000,0.0962
ikj_1200,2499400000.0000,1307600000.0000,1027000000.0000,80000.0000,0.0000,491320000.0000,60940000.0000,50960000.0000,11130000.0000,6695000.0000,4435000.0000,0.3418
ijk_ikj_800_200,2489400000.0000,908600000.0000,747000000.0000,20000.0000,0.0000,861600000.0000,15860000.0000,13770000.0000,3400000.0000,3305000.0000,50000.0000,0.0635
ijk_ikj_750_30,2455400000.0000,678200000.0000,558600000.0000,20000.0000,20000.0000,976400000.0000,2020000.0000,690000.0000,745000.0000,735000.0000,10000.0000,0.0541
ijk_ikj_700_14,2436600000.0000,640800000.0000,530000000.0000,20000.0000,0.0000,764660000.0000,2780000.0000,1060000.0000,1545000.0000,1530000.0000,5000.0000,0.0479
ikj_1150,2277600000.0000,1219800000.0000,957200000.0000,20000.0000,0.0000,477800000.0000,43260000.0000,35615000.0000,7225000.0000,4935000.0000,2275000.0000,0.3232
ijk_ikj_750_50,2273800000.0000,648200000.0000,536600000.0000,20000.0000,0.0000,943080000.0000,1680000.0000,1045000.0000,390000.0000,365000.0000,20000.0000,0.0521
ijk_ikj_650_10,2225400000.0000,576000000.0000,476400000.0000,40000.0000,0.0000,597140000.0000,4300000.0000,3145000.0000,1315000.0000,1320000.0000,0.0000,0.0438
ijk_ikj_750_75,2196200000.0000,655600000.0000,544200000.0000,0.0000,0.0000,871480000.0000,7040000.0000,5230000.0000,315000.0000,290000.0000,30000.0000,0.0551
ijk_850,2161600000.0000,2538200000.0000,2091600000.0000,340000.0000,0.0000,621060000.0000,619900000.0000,565590000.0000,34725000.0000,34405000.0000,130000.0000,0.1837
ijk_ikj_750_125,2102200000.0000,682000000.0000,563800000.0000,0.0000,0.0000,737060000.0000,16020000.0000,15000000.0000,1055000.0000,965000.0000,55000.0000,0.0659
ijk_ikj_750_150,2094600000.0000,716800000.0000,589000000.0000,0.0000,0.0000,816500000.0000,15960000.0000,11960000.0000,1075000.0000,1045000.0000,25000.0000,0.0795
ijk_ikj_700_25,2041600000.0000,558000000.0000,461200000.0000,60000.0000,0.0000,767480000.0000,1980000.0000,500000.0000,920000.0000,885000.0000,5000.0000,0.0433
ijk_ikj_700_20,2024400000.0000,573000000.0000,473000000.0000,60000.0000,0.0000,695620000.0000,1780000.0000,520000.0000,1180000.0000,1160000.0000,0.0000,0.0459
ikj_1100,1979600000.0000,934800000.0000,737600000.0000,20000.0000,0.0000,396680000.0000,48140000.0000,40800000.0000,7870000.0000,5735000.0000,2145000.0000,0.2476
ijk_ikj_700_35,1965000000.0000,536400000.0000,444200000.0000,40000.0000,0.0000,634440000.0000,1400000.0000,980000.0000,610000.0000,630000.0000,0.0000,0.0393
ijk_ikj_650_13,1955200000.0000,516800000.0000,427200000.0000,20000.0000,0.0000,576920000.0000,2460000.0000,960000.0000,1570000.0000,1555000.0000,5000.0000,0.0395
ijk_ikj_700_28,1908000000.0000,548000000.0000,453000000.0000,20000.0000,0.0000,648980000.0000,1460000.0000,695000.0000,805000.0000,775000.0000,20000.0000,0.0479
ijk_ikj_700_50,1848400000.0000,535800000.0000,442400000.0000,0.0000,0.0000,687240000.0000,1440000.0000,680000.0000,345000.0000,295000.0000,25000.0000,0.0446
ijk_800,1802200000.0000,2108400000.0000,1746000000.0000,100000.0000,0.0000,516380000.0000,521760000.0000,444170000.0000,58685000.0000,58505000.0000,110000.0000,0.1593
ijk_ikj_700_70,1786000000.0000,531400000.0000,436400000.0000,0.0000,0.0000,719400000.0000,3720000.0000,2775000.0000,245000.0000,230000.0000,30000.0000,0.0441
ijk_ikj_600_10,1750800000.0000,451600000.0000,372400000.0000,20000.0000,0.0000,410640000.0000,2800000.0000,2965000.0000,1000000.0000,995000.0000,10000.0000,0.0341
ikj_1050,1724400000.0000,875800000.0000,689800000.0000,20000.0000,0.0000,356640000.0000,33360000.0000,27735000.0000,5320000.0000,4180000.0000,1125000.0000,0.2337
ijk_ikj_700_100,1705800000.0000,561000000.0000,462800000.0000,0.0000,0.0000,644000000.0000,13860000.0000,11745000.0000,370000.0000,345000.0000,15000.0000,0.0486
ijk_ikj_700_175,1696400000.0000,580800000.0000,480000000.0000,0.0000,0.0000,666580000.0000,12900000.0000,9030000.0000,1565000.0000,1495000.0000,20000.0000,0.0422
ijk_ikj_700_140,1684000000.0000,574600000.0000,474400000.0000,0.0000,0.0000,565680000.0000,11340000.0000,11795000.0000,1050000.0000,1005000.0000,15000.0000,0.0629
ijk_ikj_650_26,1645200000.0000,436200000.0000,360800000.0000,0.0000,0.0000,604560000.0000,1320000.0000,355000.0000,605000.0000,585000.0000,5000.0000,0.0401
ijk_ikj_650_25,1635000000.0000,476000000.0000,392200000.0000,20000.0000,0.0000,474680000.0000,1180000.0000,565000.0000,840000.0000,865000.0000,5000.0000,0.0372
ijk_ikj_600_15,1531200000.0000,401800000.0000,331400000.0000,0.0000,0.0000,435120000.0000,1360000.0000,750000.0000,910000.0000,910000.0000,5000.0000,0.0302
ijk_750,1484800000.0000,1730800000.0000,1430600000.0000,120000.0000,20000.0000,414600000.0000,415560000.0000,402385000.0000,24210000.0000,24085000.0000,55000.0000,0.1282
ijk_ikj_650_50,1479800000.0000,437000000.0000,361800000.0000,0.0000,0.0000,610760000.0000,1160000.0000,820000.0000,255000.0000,225000.0000,15000.0000,0.0376
ikj_1000,1478400000.0000,657200000.0000,522800000.0000,20000.0000,0.0000,296880000.0000,36900000.0000,29960000.0000,5440000.0000,4635000.0000,795000.0000,0.1747
ijk_ikj_600_12,1452600000.0000,371600000.0000,309000000.0000,0.0000,0.0000,542580000.0000,2620000.0000,960000.0000,640000.0000,625000.0000,5000.0000,0.0337
ijk_ikj_650_65,1430000000.0000,432000000.0000,358000000.0000,0.0000,0.0000,502540000.0000,2060000.0000,1785000.0000,250000.0000,240000.0000,0.0000,0.0372
ijk_ikj_650_130,1371400000.0000,451400000.0000,373200000.0000,0.0000,0.0000,545260000.0000,10960000.0000,8350000.0000,470000.0000,445000.0000,20000.0000,0.0526
ijk_ikj_550_10,1347200000.0000,356400000.0000,294400000.0000,0.0000,0.0000,251120000.0000,1740000.0000,2835000.0000,625000.0000,600000.0000,0.0000,0.0301
ijk_ikj_550_11,1328600000.0000,376000000.0000,309600000.0000,0.0000,0.0000,456460000.0000,2440000.0000,1060000.0000,595000.0000,580000.0000,0.0000,0.0277
ijk_ikj_600_25,1284800000.0000,362800000.0000,300600000.0000,0.0000,0.0000,386100000.0000,920000.0000,360000.0000,635000.0000,620000.0000,5000.0000,0.0274
ijk_ikj_600_20,1274200000.0000,349000000.0000,290200000.0000,0.0000,0.0000,369580000.0000,960000.0000,455000.0000,740000.0000,750000.0000,15000.0000,0.0302
ikj_950,1269800000.0000,599200000.0000,480800000.0000,20000.0000,0.0000,264840000.0000,25380000.0000,20385000.0000,3705000.0000,3320000.0000,345000.0000,0.1700
ijk_ikj_600_30,1257600000.0000,368800000.0000,304800000.0000,0.0000,0.0000,419900000.0000,1080000.0000,480000.0000,420000.0000,405000.0000,5000.0000,0.0248
ijk_ikj_600_24,1231000000.0000,330800000.0000,273600000.0000,40000.0000,0.0000,531200000.0000,1060000.0000,205000.0000,370000.0000,375000.0000,0.0000,0.0285
ijk_700,1208200000.0000,1393800000.0000,1153000000.0000,40000.0000,0.0000,353920000.0000,346740000.0000,316860000.0000,14375000.0000,14295000.0000,10000.0000,0.1032
ijk_ikj_600_50,1163400000.0000,324600000.0000,270800000.0000,0.0000,0.0000,470980000.0000,840000.0000,375000.0000,180000.0000,190000.0000,0.0000,0.0238
ijk_ikj_600_40,1147800000.0000,333200000.0000,276200000.0000,0.0000,0.0000,405280000.0000,720000.0000,465000.0000,265000.0000,265000.0000,5000.0000,0.0259
ijk_ikj_600_75,1124400000.0000,321200000.0000,267000000.0000,20000.0000,0.0000,413700000.0000,3680000.0000,3095000.0000,200000.0000,180000.0000,5000.0000,0.0260
ijk_ikj_600_60,1107600000.0000,324400000.0000,267800000.0000,40000.0000,0.0000,407280000.0000,980000.0000,600000.0000,200000.0000,175000.0000,10000.0000,0.0306
ijk_ikj_600_100,1073600000.0000,404800000.0000,334800000.0000,0.0000,0.0000,373360000.0000,6920000.0000,7350000.0000,230000.0000,270000.0000,20000.0000,0.0356
ijk_ikj_600_150,1072400000.0000,357200000.0000,297200000.0000,0.0000,0.0000,343800000.0000,6780000.0000,7540000.0000,795000.0000,785000.0000,20000.0000,0.0271
ikj_900,1070600000.0000,448800000.0000,367600000.0000,0.0000,0.0000,211540000.0000,26840000.0000,22605000.0000,4040000.0000,3725000.0000,310000.0000,0.1295
ijk_ikj_600_120,1067600000.0000,359000000.0000,297200000.0000,20000.0000,0.0000,443480000.0000,8960000.0000,6030000.0000,275000.0000,275000.0000,5000.0000,0.0402
ijk_ikj_550_22,1035800000.0000,269400000.0000,223600000.0000,0.0000,0.0000,265580000.0000,540000.0000,350000.0000,505000.0000,495000.0000,5000.0000,0.0222
ijk_ikj_500_10,1013400000.0000,276400000.0000,228400000.0000,20000.0000,0.0000,289660000.0000,2060000.0000,1535000.0000,335000.0000,305000.0000,5000.0000,0.0223
ijk_ikj_550_25,990000000.0000,261800000.0000,216400000.0000,0.0000,0.0000,424280000.0000,940000.0000,215000.0000,270000.0000,285000.0000,5000.0000,0.0213
ijk_650,968400000.0000,1105800000.0000,915400000.0000,40000.0000,0.0000,279880000.0000,280580000.0000,256220000.0000,11155000.0000,11100000.0000,20000.0000,0.0824
ikj_850,901200000.0000,413400000.0000,337600000.0000,0.0000,0.0000,191100000.0000,18520000.0000,14085000.0000,2560000.0000,2470000.0000,80000.0000,0.1228
ijk_ikj_550_50,896600000.0000,243600000.0000,200200000.0000,0.0000,0.0000,263100000.0000,400000.0000,345000.0000,200000.0000,195000.0000,5000.0000,0.0237
ijk_ikj_550_55,895400000.0000,249000000.0000,207400000.0000,40000.0000,0.0000,406280000.0000,700000.0000,325000.0000,130000.0000,125000.0000,10000.0000,0.0212
ijk_ikj_550_110,839200000.0000,258200000.0000,214000000.0000,40000.0000,0.0000,234120000.0000,5040000.0000,7445000.0000,220000.0000,195000.0000,0.0000,0.0311
ijk_600,761200000.0000,862400000.0000,713400000.0000,20000.0000,0.0000,220300000.0000,203600000.0000,201090000.0000,9085000.0000,9045000.0000,15000.0000,0.0645
ijk_ikj_500_25,744000000.0000,209400000.0000,173000000.0000,40000.0000,0.0000,219800000.0000,500000.0000,355000.0000,285000.0000,300000.0000,0.0000,0.0193
ikj_800,742200000.0000,305800000.0000,251600000.0000,0.0000,0.0000,151340000.0000,20000000.0000,15265000.0000,2670000.0000,2610000.0000,75000.0000,0.0881
ijk_ikj_450_10,738800000.0000,192800000.0000,158000000.0000,40000.0000,0.0000,247520000.0000,1680000.0000,920000.0000,180000.0000,180000.0000,0.0000,0.0220
ijk_ikj_500_20,737400000.0000,219400000.0000,181600000.0000,0.0000,0.0000,252800000.0000,760000.0000,365000.0000,300000.0000,310000.0000,5000.0000,0.0161
ijk_ikj_500_50,673400000.0000,191000000.0000,158000000.0000,0.0000,0.0000,287600000.0000,600000.0000,255000.0000,125000.0000,95000.0000,0.0000,0.0220
ikj_750,645600000.0000,292600000.0000,241000000.0000,0.0000,0.0000,113860000.0000,9980000.0000,12090000.0000,2040000.0000,1965000.0000,75000.0000,0.0846
ijk_ikj_450_15,645400000.0000,186600000.0000,154000000.0000,0.0000,0.0000,166040000.0000,540000.0000,470000.0000,290000.0000,280000.0000,0.0000,0.0202
ijk_ikj_500_125,622800000.0000,212400000.0000,175800000.0000,0.0000,0.0000,258020000.0000,5160000.0000,3575000.0000,180000.0000,170000.0000,5000.0000,0.0175
ijk_ikj_500_100,621400000.0000,199200000.0000,164600000.0000,20000.0000,0.0000,188780000.0000,4000000.0000,5350000.0000,125000.0000,120000.0000,5000.0000,0.0236
ijk_ikj_450_18,598200000.0000,156600000.0000,128600000.0000,0.0000,0.0000,226240000.0000,600000.0000,250000.0000,180000.0000,170000.0000,0.0000,0.0143
ijk_550,587000000.0000,665400000.0000,548800000.0000,0.0000,0.0000,199220000.0000,138300000.0000,126430000.0000,6025000.0000,6020000.0000,0.0000,0.0498
ijk_ikj_450_25,542400000.0000,155000000.0000,128800000.0000,0.0000,0.0000,141520000.0000,320000.0000,245000.0000,205000.0000,195000.0000,5000.0000,0.0170
ijk_ikj_450_30,530800000.0000,146200000.0000,120200000.0000,0.0000,0.0000,184060000.0000,440000.0000,210000.0000,150000.0000,145000.0000,10000.0000,0.0169
ikj_700,518800000.0000,210800000.0000,174000000.0000,0.0000,0.0000,103060000.0000,12060000.0000,10790000.0000,1790000.0000,1770000.0000,30000.0000,0.0625
ijk_ikj_400_10,518400000.0000,129800000.0000,108400000.0000,0.0000,0.0000,144800000.0000,880000.0000,830000.0000,70000.0000,100000.0000,0.0000,0.0117
ijk_ikj_450_45,492800000.0000,139800000.0000,115400000.0000,0.0000,0.0000,214160000.0000,440000.0000,190000.0000,75000.0000,75000.0000,0.0000,0.0191
ijk_ikj_450_50,491600000.0000,137400000.0000,114000000.0000,0.0000,0.0000,156040000.0000,260000.0000,215000.0000,75000.0000,90000.0000,0.0000,0.0158
ijk_ikj_450_75,474400000.0000,146600000.0000,120800000.0000,20000.0000,0.0000,188700000.0000,1380000.0000,1055000.0000,60000.0000,50000.0000,5000.0000,0.0153
ijk_ikj_450_90,464600000.0000,141800000.0000,118600000.0000,0.0000,0.0000,175240000.0000,3600000.0000,2950000.0000,105000.0000,100000.0000,5000.0000,0.0195
ijk_500,439800000.0000,489800000.0000,405800000.0000,0.0000,0.0000,197500000.0000,51280000.0000,48380000.0000,4535000.0000,4485000.0000,0.0000,0.0366
ikj_650,418200000.0000,186200000.0000,153800000.0000,0.0000,0.0000,83460000.0000,7540000.0000,6930000.0000,1260000.0000,1245000.0000,5000.0000,0.0560
ijk_ikj_400_16,397000000.0000,108000000.0000,88400000.0000,0.0000,0.0000,105060000.0000,380000.0000,370000.0000,130000.0000,135000.0000,5000.0000,0.0112
ijk_ikj_400_25,381000000.0000,105200000.0000,87200000.0000,0.0000,0.0000,138380000.0000,320000.0000,160000.0000,115000.0000,110000.0000,0.0000,0.0094
ijk_ikj_400_20,376800000.0000,107600000.0000,88800000.0000,0.0000,0.0000,125780000.0000,300000.0000,205000.0000,110000.0000,105000.0000,10000.0000,0.0110
ijk_ikj_350_10,346800000.0000,98200000.0000,80600000.0000,0.0000,0.0000,95140000.0000,620000.0000,530000.0000,55000.0000,75000.0000,0.0000,0.0087
ijk_ikj_400_50,344400000.0000,100000000.0000,83600000.0000,0.0000,0.0000,110700000.0000,180000.0000,230000.0000,50000.0000,65000.0000,0.0000,0.0087
ijk_ikj_400_40,340200000.0000,103400000.0000,85400000.0000,0.0000,0.0000,125380000.0000,200000.0000,130000.0000,55000.0000,70000.0000,10000.0000,0.0110
ikj_600,325000000.0000,132800000.0000,110000000.0000,0.0000,0.0000,60500000.0000,6940000.0000,7345000.0000,1190000.0000,1170000.0000,10000.0000,0.0372
ijk_ikj_400_80,322000000.0000,109800000.0000,90600000.0000,0.0000,0.0000,134260000.0000,2120000.0000,1430000.0000,40000.0000,30000.0000,10000.0000,0.0139
ijk_450,320200000.0000,357800000.0000,295000000.0000,0.0000,0.0000,155680000.0000,21800000.0000,18160000.0000,3270000.0000,3270000.0000,5000.0000,0.0274
ijk_ikj_400_100,318800000.0000,107000000.0000,89000000.0000,0.0000,0.0000,106620000.0000,2280000.0000,2340000.0000,60000.0000,35000.0000,10000.0000,0.0098
ijk_ikj_350_14,305200000.0000,78400000.0000,63400000.0000,0.0000,0.0000,88100000.0000,360000.0000,315000.0000,50000.0000,65000.0000,5000.0000,0.0073
ijk_ikj_350_25,254400000.0000,71200000.0000,58200000.0000,20000.0000,0.0000,92540000.0000,200000.0000,140000.0000,50000.0000,45000.0000,0.0000,0.0084
ikj_550,251400000.0000,123600000.0000,102400000.0000,0.0000,0.0000,54880000.0000,4660000.0000,3710000.0000,640000.0000,640000.0000,15000.0000,0.0340
ijk_ikj_350_35,245600000.0000,67200000.0000,54400000.0000,0.0000,0.0000,86220000.0000,160000.0000,135000.0000,40000.0000,35000.0000,0.0000,0.0066
ijk_ikj_350_50,231000000.0000,64600000.0000,52000000.0000,20000.0000,0.0000,80300000.0000,100000.0000,95000.0000,50000.0000,25000.0000,0.0000,0.0076
ijk_400,226000000.0000,252200000.0000,208400000.0000,0.0000,0.0000,138200000.0000,10840000.0000,5835000.0000,2385000.0000,2380000.0000,5000.0000,0.0191
ijk_ikj_350_70,223200000.0000,66000000.0000,54200000.0000,0.0000,0.0000,82300000.0000,420000.0000,360000.0000,50000.0000,40000.0000,0.0000,0.0078
ijk_ikj_300_10,218800000.0000,60000000.0000,49200000.0000,0.0000,0.0000,38660000.0000,300000.0000,490000.0000,45000.0000,40000.0000,0.0000,0.0057
ijk_ikj_300_15,191400000.0000,56600000.0000,46200000.0000,20000.0000,0.0000,63840000.0000,180000.0000,140000.0000,50000.0000,45000.0000,10000.0000,0.0053
ikj_500,186200000.0000,74800000.0000,61400000.0000,0.0000,0.0000,25500000.0000,3100000.0000,5105000.0000,965000.0000,955000.0000,5000.0000,0.0239
ijk_ikj_300_12,182400000.0000,56600000.0000,47000000.0000,0.0000,0.0000,57160000.0000,260000.0000,215000.0000,40000.0000,35000.0000,0.0000,0.0053
ijk_ikj_300_25,160600000.0000,48400000.0000,39600000.0000,0.0000,0.0000,51560000.0000,140000.0000,90000.0000,20000.0000,30000.0000,5000.0000,0.0041
ijk_ikj_300_20,158600000.0000,53400000.0000,43000000.0000,0.0000,0.0000,55220000.0000,160000.0000,115000.0000,15000.0000,30000.0000,5000.0000,0.0043
ijk_ikj_300_30,156800000.0000,48600000.0000,40600000.0000,0.0000,0.0000,62520000.0000,120000.0000,85000.0000,25000.0000,10000.0000,0.0000,0.0043
ijk_350,151000000.0000,169400000.0000,139400000.0000,0.0000,0.0000,68840000.0000,4800000.0000,9600000.0000,950000.0000,940000.0000,0.0000,0.0128
ijk_ikj_300_50,145400000.0000,44800000.0000,37800000.0000,0.0000,0.0000,59840000.0000,140000.0000,45000.0000,15000.0000,10000.0000,0.0000,0.0055
ijk_ikj_300_75,139400000.0000,47800000.0000,38600000.0000,0.0000,0.0000,51740000.0000,420000.0000,385000.0000,20000.0000,5000.0000,0.0000,0.0038
ijk_ikj_300_60,138400000.0000,47400000.0000,39000000.0000,0.0000,0.0000,50060000.0000,140000.0000,115000.0000,25000.0000,15000.0000,0.0000,0.0055
ikj_450,136000000.0000,61400000.0000,50400000.0000,0.0000,0.0000,18500000.0000,1640000.0000,3145000.0000,550000.0000,545000.0000,0.0000,0.0197
ijk_ikj_250_10,126200000.0000,38400000.0000,31600000.0000,0.0000,0.0000,36920000.0000,220000.0000,190000.0000,20000.0000,10000.0000,0.0000,0.0038
ijk_300,95800000.0000,103200000.0000,86400000.0000,0.0000,0.0000,58400000.0000,2560000.0000,1765000.0000,480000.0000,460000.0000,0.0000,0.0081
ikj_400,93400000.0000,36600000.0000,30600000.0000,0.0000,0.0000,22560000.0000,3040000.0000,1580000.0000,270000.0000,270000.0000,0.0000,0.0130
ijk_ikj_250_25,93000000.0000,29200000.0000,24200000.0000,0.0000,0.0000,39300000.0000,100000.0000,55000.0000,10000.0000,5000.0000,0.0000,0.0033
ijk_ikj_250_50,83400000.0000,26000000.0000,21200000.0000,0.0000,0.0000,36680000.0000,20000.0000,15000.0000,5000.0000,5000.0000,0.0000,0.0038
ikj_350,70000000.0000,35600000.0000,28800000.0000,0.0000,0.0000,20480000.0000,1600000.0000,590000.0000,75000.0000,65000.0000,0.0000,0.0103
ijk_ikj_200_10,64800000.0000,20400000.0000,16400000.0000,0.0000,0.0000,20500000.0000,160000.0000,80000.0000,0.0000,0.0000,0.0000,0.0020
ijk_250,55400000.0000,59400000.0000,48400000.0000,0.0000,0.0000,23460000.0000,1060000.0000,1265000.0000,315000.0000,300000.0000,0.0000,0.0046
ijk_ikj_200_25,48000000.0000,14000000.0000,12400000.0000,0.0000,0.0000,15700000.0000,80000.0000,35000.0000,5000.0000,5000.0000,0.0000,0.0016
ijk_ikj_200_20,46800000.0000,14600000.0000,12200000.0000,0.0000,0.0000,17520000.0000,60000.0000,20000.0000,5000.0000,0.0000,0.0000,0.0022
ikj_300,44000000.0000,18200000.0000,15200000.0000,0.0000,0.0000,12240000.0000,1140000.0000,615000.0000,75000.0000,60000.0000,0.0000,0.0065
ijk_ikj_200_50,43200000.0000,14400000.0000,12400000.0000,0.0000,0.0000,15180000.0000,20000.0000,45000.0000,0.0000,0.0000,0.0000,0.0014
ijk_ikj_200_40,42600000.0000,14000000.0000,11400000.0000,0.0000,0.0000,9980000.0000,0.0000,45000.0000,10000.0000,10000.0000,0.0000,0.0023
ijk_ikj_150_10,28200000.0000,9600000.0000,8000000.0000,0.0000,0.0000,5900000.0000,0.0000,35000.0000,0.0000,0.0000,5000.0000,0.0011
ijk_200,27000000.0000,28000000.0000,23800000.0000,0.0000,0.0000,16440000.0000,580000.0000,475000.0000,35000.0000,25000.0000,0.0000,0.0024
ikj_250,26000000.0000,12200000.0000,9800000.0000,0.0000,0.0000,2240000.0000,200000.0000,675000.0000,45000.0000,70000.0000,0.0000,0.0042
ijk_ikj_150_15,24000000.0000,7800000.0000,5600000.0000,0.0000,0.0000,7660000.0000,20000.0000,35000.0000,5000.0000,0.0000,0.0000,0.0010
ijk_ikj_150_30,20000000.0000,6600000.0000,5800000.0000,0.0000,0.0000,6480000.0000,0.0000,10000.0000,0.0000,0.0000,0.0000,0.0012
ijk_ikj_150_25,19200000.0000,6800000.0000,5000000.0000,0.0000,0.0000,7120000.0000,0.0000,10000.0000,0.0000,5000.0000,0.0000,0.0008
ikj_200,12600000.0000,5200000.0000,4200000.0000,0.0000,0.0000,3520000.0000,380000.0000,240000.0000,0.0000,0.0000,0.0000,0.0021
ijk_150,11400000.0000,12400000.0000,9600000.0000,0.0000,0.0000,6920000.0000,180000.0000,185000.0000,0.0000,0.0000,0.0000,0.0011
ijk_ikj_100_10,8200000.0000,2800000.0000,1600000.0000,0.0000,0.0000,2380000.0000,0.0000,0.0000,0.0000,0.0000,0.0000,0.0005
ikj_150,6000000.0000,3000000.0000,2600000.0000,0.0000,0.0000,1900000.0000,160000.0000,55000.0000,0.0000,0.0000,0.0000,0.0011
ijk_ikj_100_20,6000000.0000,2200000.0000,1800000.0000,0.0000,0.0000,2080000.0000,0.0000,5000.0000,0.0000,0.0000,5000.0000,0.0000
ijk_ikj_100_25,5800000.0000,2200000.0000,2000000.0000,0.0000,0.0000,2160000.0000,0.0000,0.0000,0.0000,0.0000,0.0000,0.0002
ijk_100,2800000.0000,3600000.0000,3000000.0000,0.0000,0.0000,1780000.0000,40000.0000,55000.0000,0.0000,0.0000,0.0000,0.0004
ikj_100,1200000.0000,600000.0000,200000.0000,0.0000,0.0000,440000.0000,40000.0000,45000.0000,0.0000,0.0000,0.0000,0.0000
